1.00000000000000002e-02	1.59074332204316854e-03
2.00000000000000004e-02	3.17548514521994460e-03
2.99999999999999989e-02	4.74769477871578565e-03
4.00000000000000008e-02	6.30116742922879301e-03
5.00000000000000028e-02	7.82977224977251390e-03
5.99999999999999978e-02	9.32747653532860904e-03
7.00000000000000067e-02	1.07883695311779809e-02
8.00000000000000017e-02	1.22066857599497560e-02
8.99999999999999967e-02	1.35768277753269447e-02
1.00000000000000006e-01	1.48933882526102422e-02
1.10000000000000001e-01	1.61511713289586578e-02
1.19999999999999996e-01	1.73452131090867587e-02
1.30000000000000004e-01	1.84708012554919351e-02
1.40000000000000013e-01	1.95234935858979684e-02
1.49999999999999994e-01	2.04991356045193494e-02
1.60000000000000003e-01	2.13938768979583666e-02
1.70000000000000012e-01	2.22041863310279627e-02
1.79999999999999993e-01	2.29268659825292744e-02
1.90000000000000002e-01	2.35590637659857730e-02
2.00000000000000011e-01	2.40982846855257518e-02
2.09999999999999992e-01	2.45424006824912534e-02
2.20000000000000001e-01	2.48896590339134430e-02
2.30000000000000010e-01	2.51386892697094688e-02
2.39999999999999991e-01	2.52885085813017614e-02
2.50000000000000000e-01	2.53385257003144529e-02
2.60000000000000009e-01	2.52885432320394746e-02
2.70000000000000018e-01	2.51387584344631744e-02
2.80000000000000027e-01	2.48897624397790493e-02
2.89999999999999980e-01	2.45425379214588742e-02
2.99999999999999989e-01	2.40984552160892589e-02
3.09999999999999998e-01	2.35592669152789695e-02
3.20000000000000007e-01	2.29271009489802752e-02
3.30000000000000016e-01	2.22044521875213244e-02
3.40000000000000024e-01	2.13941725954924465e-02
3.50000000000000033e-01	2.04994599763445272e-02
3.59999999999999987e-01	1.95238453521193803e-02
3.69999999999999996e-01	1.84711790281185395e-02
3.80000000000000004e-01	1.73456153975068937e-02
3.90000000000000013e-01	1.61515965458203931e-02
4.00000000000000022e-01	1.48938347200834285e-02
4.10000000000000031e-01	1.35772937317221870e-02
4.19999999999999984e-01	1.22071693666682603e-02
4.29999999999999993e-01	1.07888688799648164e-02
4.40000000000000002e-01	9.32798965580080956e-03
4.50000000000000011e-01	7.83029711719230095e-03
4.60000000000000020e-01	6.30170197249128351e-03
4.70000000000000029e-01	4.74823688851966786e-03
4.79999999999999982e-01	3.17603268238889156e-03
4.89999999999999991e-01	1.59129412596517757e-03
5.00000000000000000e-01	2.75458469165416123e-07
5.10000000000000009e-01	-1.59074429614950645e-03
5.20000000000000018e-01	-3.17548610965161541e-03
5.30000000000000027e-01	-4.74769572996469342e-03
5.40000000000000036e-01	-6.30116836385914356e-03
5.50000000000000044e-01	-7.82977316443289779e-03
5.60000000000000053e-01	-9.32747742676368237e-03
5.70000000000000062e-01	-1.07883703962397184e-02
5.79999999999999960e-01	-1.22066865956082515e-02
5.89999999999999969e-01	-1.35768285786806806e-02
5.99999999999999978e-01	-1.48933890208958614e-02
6.09999999999999987e-01	-1.61511720595601364e-02
6.19999999999999996e-01	-1.73452137995440195e-02
6.30000000000000004e-01	-1.84708019035088079e-02
6.40000000000000013e-01	-1.95234941893495384e-02
6.50000000000000022e-01	-2.04991361614585907e-02
6.60000000000000031e-01	-2.13938774066221443e-02
6.70000000000000040e-01	-2.22041867898422861e-02
6.80000000000000049e-01	-2.29268663901138446e-02
6.90000000000000058e-01	-2.35590641211578244e-02
7.00000000000000067e-01	-2.40982849873031049e-02
7.09999999999999964e-01	-2.45424009300946704e-02
7.19999999999999973e-01	-2.48896592267681960e-02
7.29999999999999982e-01	-2.51386894074461763e-02
7.39999999999999991e-01	-2.52885086637564677e-02
7.50000000000000000e-01	-2.53385257275279656e-02
7.60000000000000009e-01	-2.52885432042559526e-02
7.70000000000000018e-01	-2.51387583521280149e-02
7.80000000000000027e-01	-2.48897623035360081e-02
7.90000000000000036e-01	-2.45425377321465375e-02
8.00000000000000044e-01	-2.40984549747367861e-02
8.10000000000000053e-01	-2.35592666231011945e-02
8.20000000000000062e-01	-2.29271006073721549e-02
8.30000000000000071e-01	-2.22044517980517567e-02
8.39999999999999969e-01	-2.13941721598975079e-02
8.49999999999999978e-01	-2.04994594965201352e-02
8.59999999999999987e-01	-1.95238448301134140e-02
8.69999999999999996e-01	-1.84711784661224544e-02
8.80000000000000004e-01	-1.73456147978468637e-02
8.90000000000000013e-01	-1.61515959109480162e-02
9.00000000000000022e-01	-1.48938340525660348e-02
9.10000000000000031e-01	-1.35772930342327527e-02
9.20000000000000040e-01	-1.22071686419750382e-02
9.30000000000000049e-01	-1.07888681309206043e-02
9.40000000000000058e-01	-9.32798888533211031e-03
9.50000000000000067e-01	-7.83029632828801531e-03
9.59999999999999964e-01	-6.30170116819171646e-03
9.69999999999999973e-01	-4.74823607190453731e-03
9.79999999999999982e-01	-3.17603185656668103e-03
9.89999999999999991e-01	-1.59129329406034305e-03
1.00000000000000000e+00	-2.74623612494581195e-07
