5.00000000000000028e-02	7.89218963789921173e-03
1.00000000000000006e-01	1.50118367662394735e-02
1.50000000000000022e-01	2.06620207377842570e-02
2.00000000000000011e-01	2.42896621955769366e-02
2.50000000000000000e-01	2.55396623337391278e-02
3.00000000000000044e-01	2.42896624425722844e-02
3.50000000000000033e-01	2.06620212315023997e-02
4.00000000000000022e-01	1.50118375060446160e-02
4.50000000000000011e-01	7.89219062261412030e-03
5.00000000000000000e-01	1.22764657130705189e-09
5.50000000000000044e-01	-7.89218819091116151e-03
6.00000000000000089e-01	-1.50118351448117662e-02
6.50000000000000022e-01	-2.06620189867188914e-02
7.00000000000000067e-01	-2.42896603587182992e-02
7.50000000000000000e-01	-2.55396604532010310e-02
8.00000000000000044e-01	-2.42896605580581251e-02
8.50000000000000089e-01	-2.06620193797244223e-02
9.00000000000000022e-01	-1.50118357202458415e-02
9.50000000000000067e-01	-7.89218893219423810e-03
1.00000000000000000e+00	3.42109036854714826e-10
