4.36775860400812933e-03
8.24067608415151968e-03
1.19204579235522978e-02
1.53164956808920817e-02
1.83451676358531088e-02
2.09318978333952396e-02
2.30129923912705051e-02
2.45372078547899108e-02
2.54670129807430638e-02
2.57795128811630428e-02
2.54670127714498873e-02
2.45372074415031345e-02
2.30129917844551848e-02
2.09318970484171155e-02
1.83451666925897733e-02
1.53164946032300093e-02
1.19204567387823767e-02
8.24067482227843796e-03
4.36775729699102975e-03
3.97068245848948012e-04
-3.57362078877945973e-03
-7.44653826494370320e-03
-1.11263201009579853e-02
-1.45223578555861883e-02
-1.75510298085756883e-02
-2.01377600049327948e-02
-2.22188545624362258e-02
-2.37430700264032978e-02
-2.46728751536094970e-02
-2.49853750560537283e-02
-2.46728749490827889e-02
-2.37430696225252452e-02
-2.22188539694266884e-02
-2.01377592377976929e-02
-1.75510288867275592e-02
-1.45223568023532847e-02
-1.11263189429943350e-02
-7.44653703155504637e-03
-3.57361951118210933e-03
3.97069535317634082e-04
