%%MatrixMarket matrix coordinate  real general
97 97 235 235
1 1 1.00000000000000000e+00
2 2 1.00000000000000000e+00
3 3 1.00000000000000000e+00
4 4 1.00000000000000000e+00
5 5 1.00000000000000000e+00
6 6 1.00000000000000000e+00
7 7 1.00000000000000000e+00
8 8 1.00000000000000000e+00
9 9 1.00000000000000000e+00
10 10 1.00000000000000000e+00
43 10 -2.79999999999999982e+00
44 10 -1.25000000000000000e+00
47 10 -3.20000000000000018e+00
48 10 -1.44999999999999996e+00
11 11 5.00000000000000000e-01
43 11 -5.00005773502691930e-01
47 11 -6.99999999999999956e-01
12 12 1.00000000000000000e+00
44 12 -7.00004099186911199e-01
48 12 -9.00000000000000022e-01
13 13 1.00000000000000000e+00
14 14 1.00000000000000000e+00
43 14 3.20000000000000018e+00
44 14 1.44999999999999996e+00
47 14 -2.79999999999999982e+00
48 14 -1.25000000000000000e+00
15 15 5.00000000000000000e-01
43 15 6.99999999999999956e-01
47 15 -5.00005773502691930e-01
16 16 1.00000000000000000e+00
44 16 9.00000000000000022e-01
48 16 -7.00004099186911199e-01
17 17 1.00000000000000000e+00
18 18 1.00000000000000000e+00
44 18 -1.25000000000000000e+00
48 18 -1.44999999999999996e+00
51 18 -3.60000000000000009e+00
55 18 -4.00000000000000000e+00
19 19 5.00000000000000000e-01
51 19 -9.00005773502691953e-01
55 19 -1.10000000000000009e+00
20 20 1.00000000000000000e+00
21 21 1.00000000000000000e+00
22 22 1.00000000000000000e+00
44 22 1.44999999999999996e+00
48 22 -1.25000000000000000e+00
51 22 4.00000000000000000e+00
55 22 -3.60000000000000009e+00
23 23 5.00000000000000000e-01
51 23 1.10000000000000009e+00
55 23 -9.00005773502691953e-01
24 24 1.00000000000000000e+00
25 25 1.00000000000000000e+00
26 26 1.00000000000000000e+00
27 27 1.00000000000000000e+00
28 28 1.00000000000000000e+00
29 29 1.00000000000000000e+00
30 30 1.00000000000000000e+00
31 31 1.00000000000000000e+00
32 32 1.00000000000000000e+00
33 33 1.00000000000000000e+00
34 34 5.00000000000000000e-01
35 35 5.00000000000000000e-01
43 35 -3.30023094010767579e+01
47 35 -3.70000000000000000e+01
36 36 1.00000000000000000e+00
43 36 -8.00000000000000000e+01
44 36 -7.40016396747645047e+01
47 36 -8.80000000000000000e+01
48 36 -8.20000000000000000e+01
37 37 1.00000000000000000e+00
38 38 5.00000000000000000e-01
39 39 5.00000000000000000e-01
43 39 3.70000000000000000e+01
47 39 -3.30023094010767579e+01
40 40 1.00000000000000000e+00
43 40 8.80000000000000000e+01
44 40 8.20000000000000000e+01
47 40 -8.00000000000000000e+01
48 40 -7.40016396747645047e+01
41 41 1.00000000000000000e+00
44 41 -2.00000000000000000e+00
34 42 5.00000000000000000e-01
42 42 1.00000000000000000e+00
43 42 6.00000000000000000e+00
44 42 2.85000000000000009e+00
47 42 6.40000000000000036e+00
48 42 3.04999999999999982e+00
11 43 5.00000000000000000e-01
35 43 5.00000000000000000e-01
43 43 9.60463034915890113e+00
44 43 -3.54999999999999982e-01
47 43 9.59999999999999964e+00
51 43 -4.10023094010767579e+01
55 43 -4.50000000000000000e+01
75 43 5.00000000000000000e-01
12 44 1.00000000000000000e+00
43 44 9.60000000000000000e+01
44 44 1.76032875479028199e+01
47 44 1.04000000000000000e+02
48 44 1.76000000000000014e+01
51 44 -9.60000000000000000e+01
55 44 -1.04000000000000000e+02
76 44 5.00000000000000000e-01
45 45 1.00000000000000000e+00
48 45 -2.00000000000000000e+00
38 46 5.00000000000000000e-01
43 46 -6.40000000000000036e+00
44 46 -3.04999999999999982e+00
46 46 1.00000000000000000e+00
47 46 6.00000000000000000e+00
48 46 2.85000000000000009e+00
97 46 0.00000000000000000e+00
15 47 5.00000000000000000e-01
39 47 5.00000000000000000e-01
43 47 -9.59999999999999964e+00
47 47 9.60463034915890113e+00
48 47 -3.54999999999999982e-01
51 47 4.50000000000000000e+01
55 47 -4.10023094010767579e+01
79 47 5.00000000000000000e-01
16 48 1.00000000000000000e+00
43 48 -1.04000000000000000e+02
44 48 -1.76000000000000014e+01
47 48 9.60000000000000000e+01
48 48 1.76032875479028199e+01
51 48 1.04000000000000000e+02
55 48 -9.60000000000000000e+01
80 48 5.00000000000000000e-01
44 49 2.00000000000000000e+00
44 50 2.85000000000000009e+00
48 50 3.04999999999999982e+00
50 50 1.00000000000000000e+00
51 50 6.79999999999999982e+00
55 50 7.20000000000000018e+00
58 50 5.00000000000000000e-01
19 51 5.00000000000000000e-01
43 51 4.09976905989232421e+01
44 51 -3.54999999999999982e-01
47 51 4.50000000000000000e+01
51 51 9.60463034915890113e+00
55 51 9.59999999999999964e+00
59 51 5.00000000000000000e-01
83 51 5.00000000000000000e-01
20 52 1.00000000000000000e+00
44 52 8.99983603252354953e+01
48 52 9.80000000000000000e+01
51 52 1.12000000000000000e+02
52 52 1.00000000000000000e+00
55 52 1.20000000000000000e+02
84 52 5.00000000000000000e-01
48 53 2.00000000000000000e+00
44 54 -3.04999999999999982e+00
48 54 2.85000000000000009e+00
51 54 -7.20000000000000018e+00
54 54 1.00000000000000000e+00
55 54 6.79999999999999982e+00
62 54 5.00000000000000000e-01
23 55 5.00000000000000000e-01
43 55 -4.50000000000000000e+01
47 55 4.09976905989232421e+01
48 55 -3.54999999999999982e-01
51 55 -9.59999999999999964e+00
55 55 9.60463034915890113e+00
63 55 5.00000000000000000e-01
87 55 5.00000000000000000e-01
24 56 1.00000000000000000e+00
44 56 -9.80000000000000000e+01
48 56 8.99983603252354953e+01
51 56 -1.20000000000000000e+02
55 56 1.12000000000000000e+02
56 56 1.00000000000000000e+00
88 56 5.00000000000000000e-01
57 57 1.00000000000000000e+00
58 58 5.00000000000000000e-01
51 59 4.89976905989232421e+01
55 59 5.30000000000000000e+01
59 59 5.00000000000000000e-01
60 60 1.00000000000000000e+00
61 61 1.00000000000000000e+00
62 62 5.00000000000000000e-01
51 63 -5.30000000000000000e+01
55 63 4.89976905989232421e+01
63 63 5.00000000000000000e-01
64 64 1.00000000000000000e+00
65 65 1.00000000000000000e+00
66 66 1.00000000000000000e+00
67 67 1.00000000000000000e+00
68 68 1.00000000000000000e+00
69 69 1.00000000000000000e+00
70 70 1.00000000000000000e+00
71 71 1.00000000000000000e+00
72 72 1.00000000000000000e+00
73 73 1.00000000000000000e+00
74 74 1.00000000000000000e+00
43 75 2.09999422649730816e+00
47 75 2.29999999999999982e+00
75 75 5.00000000000000000e-01
44 76 2.29999590081308858e+00
48 76 2.50000000000000000e+00
76 76 5.00000000000000000e-01
77 77 1.00000000000000000e+00
78 78 1.00000000000000000e+00
43 79 -2.29999999999999982e+00
47 79 2.09999422649730816e+00
79 79 5.00000000000000000e-01
44 80 -2.50000000000000000e+00
48 80 2.29999590081308858e+00
80 80 5.00000000000000000e-01
81 81 1.00000000000000000e+00
82 82 1.00000000000000000e+00
51 83 2.49999422649730807e+00
55 83 2.70000000000000018e+00
83 83 5.00000000000000000e-01
84 84 5.00000000000000000e-01
85 85 1.00000000000000000e+00
86 86 1.00000000000000000e+00
51 87 -2.70000000000000018e+00
55 87 2.49999422649730807e+00
87 87 5.00000000000000000e-01
88 88 5.00000000000000000e-01
89 89 1.00000000000000000e+00
90 90 1.00000000000000000e+00
91 91 1.00000000000000000e+00
92 92 1.00000000000000000e+00
93 93 1.00000000000000000e+00
94 94 1.00000000000000000e+00
95 95 1.00000000000000000e+00
96 96 1.00000000000000000e+00
43 97 0.00000000000000000e+00
44 97 0.00000000000000000e+00
47 97 0.00000000000000000e+00
48 97 0.00000000000000000e+00
51 97 0.00000000000000000e+00
55 97 0.00000000000000000e+00
