    rotor
    {
        type            calculated;
        value           nonuniform List<scalar> 
4560
(
0.00420822
0.00858711
0.0133278
0.0184603
0.0240169
0.0300327
0.0365455
0.0435965
0.0512302
0.0594947
0.068442
0.0781287
0.0886158
0.0999694
0.112261
0.125569
0.139975
0.155573
0.172459
0.19074
0.210532
0.231958
0.255156
0.280269
0.307457
0.336891
0.368757
0.403254
0.440601
0.481033
0.00858711
0.0129468
0.0176667
0.0227767
0.0283089
0.0342982
0.0407825
0.0478026
0.0554028
0.063631
0.072539
0.0821832
0.0926243
0.103928
0.116166
0.129415
0.143759
0.159288
0.176099
0.1943
0.214005
0.235338
0.258433
0.283437
0.310505
0.33981
0.371536
0.405882
0.443065
0.483319
0.0133278
0.0176667
0.0223641
0.0274497
0.0329555
0.0389163
0.0453696
0.0523562
0.0599201
0.0681091
0.0769746
0.0865728
0.096964
0.108214
0.120393
0.133579
0.147854
0.163309
0.180041
0.198155
0.217766
0.238997
0.261982
0.286866
0.313805
0.342971
0.374545
0.408727
0.445733
0.485795
0.0184603
0.0227767
0.0274497
0.0325089
0.0379861
0.043916
0.0503358
0.0572861
0.0648108
0.0729572
0.0817768
0.0913251
0.101662
0.112854
0.12497
0.138087
0.152289
0.167663
0.184308
0.202328
0.221837
0.242958
0.265824
0.290578
0.317378
0.346392
0.377802
0.411807
0.448621
0.488474
0.0240169
0.0283089
0.0329555
0.0379861
0.0434324
0.0493288
0.0557124
0.0626234
0.0701056
0.078206
0.0869757
0.0964701
0.106749
0.117877
0.129925
0.142968
0.157089
0.172377
0.188928
0.206846
0.226245
0.247246
0.269983
0.294598
0.321246
0.350096
0.381329
0.415142
0.451747
0.491376
0.0300327
0.0342982
0.0389163
0.043916
0.0493288
0.0551889
0.0615332
0.0684017
0.0758379
0.0838884
0.0926043
0.10204
0.112256
0.123316
0.135289
0.148252
0.162287
0.17748
0.193929
0.211737
0.231017
0.251889
0.274486
0.298949
0.325434
0.354106
0.385147
0.418752
0.455132
0.494517
0.0365455
0.0407825
0.0453696
0.0503358
0.0557124
0.0615332
0.067835
0.0746575
0.0820438
0.0900405
0.0986979
0.108071
0.118218
0.129204
0.141097
0.153973
0.167913
0.183005
0.199344
0.217033
0.236183
0.256916
0.279361
0.303661
0.329968
0.358448
0.389281
0.42266
0.458797
0.497918
0.0435965
0.0478026
0.0523562
0.0572861
0.0626234
0.0684017
0.0746575
0.0814303
0.0887626
0.0967009
0.105295
0.114599
0.124673
0.135578
0.147385
0.160167
0.174005
0.188987
0.205206
0.222766
0.241776
0.262357
0.284639
0.308761
0.334876
0.363148
0.393756
0.426892
0.462764
0.501599
0.0512302
0.0554028
0.0599201
0.0648108
0.0701056
0.0758379
0.0820438
0.0887626
0.0960366
0.103912
0.112437
0.121668
0.131661
0.142479
0.154192
0.166872
0.1806
0.195463
0.211553
0.228973
0.247832
0.268249
0.290353
0.314283
0.34019
0.368237
0.398601
0.431473
0.467059
0.505585
0.0594947
0.063631
0.0681091
0.0729572
0.078206
0.0838884
0.0900405
0.0967009
0.103912
0.111718
0.12017
0.12932
0.139226
0.149951
0.161561
0.174132
0.18774
0.202474
0.218424
0.235692
0.254388
0.274627
0.296539
0.320261
0.345943
0.373746
0.403846
0.436432
0.47171
0.509901
0.068442
0.072539
0.0769746
0.0817768
0.0869757
0.0926043
0.0986979
0.105295
0.112437
0.12017
0.128541
0.137605
0.147417
0.158039
0.16954
0.181991
0.19547
0.210064
0.225863
0.242967
0.261485
0.281533
0.303236
0.326733
0.352171
0.379711
0.409525
0.441801
0.476744
0.514572
0.0781287
0.0821832
0.0865728
0.0913251
0.0964701
0.10204
0.108071
0.114599
0.121668
0.12932
0.137605
0.146574
0.156284
0.166797
0.178178
0.190499
0.203839
0.218281
0.233916
0.250843
0.269169
0.289008
0.310487
0.33374
0.358914
0.386168
0.415673
0.447614
0.482194
0.51963
0.0886158
0.0926243
0.096964
0.101662
0.106749
0.112256
0.118218
0.124673
0.131661
0.139226
0.147417
0.156284
0.165884
0.176277
0.187529
0.199711
0.2129
0.227178
0.242635
0.25937
0.277488
0.297102
0.318337
0.341326
0.366214
0.393159
0.422329
0.453908
0.488095
0.525106
0.0999694
0.103928
0.108214
0.112854
0.117877
0.123316
0.129204
0.135578
0.142479
0.149951
0.158039
0.166797
0.176277
0.186541
0.197654
0.209684
0.222709
0.236809
0.252075
0.268602
0.286494
0.305865
0.326835
0.349539
0.374118
0.400727
0.429534
0.460721
0.494484
0.531034
0.112261
0.116166
0.120393
0.12497
0.129925
0.135289
0.141097
0.147385
0.154192
0.161561
0.16954
0.178178
0.187529
0.197654
0.208615
0.220481
0.233328
0.247236
0.262294
0.278596
0.296244
0.315351
0.336036
0.35843
0.382674
0.408921
0.437336
0.468097
0.5014
0.537452
0.125569
0.129415
0.133579
0.138087
0.142968
0.148252
0.153973
0.160167
0.166872
0.174132
0.181991
0.190499
0.199711
0.209684
0.220481
0.23217
0.244825
0.258525
0.273358
0.289416
0.3068
0.325621
0.345997
0.368056
0.391938
0.417792
0.445782
0.476083
0.508887
0.544401
0.139975
0.143759
0.147854
0.152289
0.157089
0.162287
0.167913
0.174005
0.1806
0.18774
0.19547
0.203839
0.2129
0.222709
0.233328
0.244825
0.257272
0.270747
0.285336
0.30113
0.318229
0.33674
0.356781
0.378478
0.401966
0.427396
0.454925
0.484729
0.516994
0.551923
0.155573
0.159288
0.163309
0.167663
0.172377
0.17748
0.183005
0.188987
0.195463
0.202474
0.210064
0.218281
0.227178
0.236809
0.247236
0.258525
0.270747
0.283978
0.298303
0.313811
0.330601
0.348778
0.368456
0.38976
0.412824
0.437793
0.464824
0.494089
0.52577
0.560067
0.172459
0.176099
0.180041
0.184308
0.188928
0.193929
0.199344
0.205206
0.211553
0.218424
0.225863
0.233916
0.242635
0.252075
0.262294
0.273358
0.285336
0.298303
0.312342
0.327541
0.343996
0.36181
0.381095
0.401974
0.424578
0.449049
0.475541
0.504222
0.535271
0.568884
0.19074
0.1943
0.198155
0.202328
0.206846
0.211737
0.217033
0.222766
0.228973
0.235692
0.242967
0.250843
0.25937
0.268602
0.278596
0.289416
0.30113
0.313811
0.327541
0.342405
0.358497
0.375919
0.394779
0.415198
0.437304
0.461236
0.487144
0.515192
0.545557
0.578429
0.210532
0.214005
0.217766
0.221837
0.226245
0.231017
0.236183
0.241776
0.247832
0.254388
0.261485
0.269169
0.277488
0.286494
0.296244
0.3068
0.318229
0.330601
0.343996
0.358497
0.374196
0.391193
0.409594
0.429514
0.451081
0.474429
0.499705
0.527069
0.556693
0.588763
0.231958
0.235338
0.238997
0.242958
0.247246
0.251889
0.256916
0.262357
0.268249
0.274627
0.281533
0.289008
0.297102
0.305865
0.315351
0.325621
0.33674
0.348778
0.36181
0.375919
0.391193
0.407729
0.425632
0.445013
0.465996
0.488712
0.513304
0.539927
0.568749
0.599951
0.255156
0.258433
0.261982
0.265824
0.269983
0.274486
0.279361
0.284639
0.290353
0.296539
0.303236
0.310487
0.318337
0.326835
0.336036
0.345997
0.356781
0.368456
0.381095
0.394779
0.409594
0.425632
0.442995
0.461793
0.482143
0.504175
0.528026
0.553847
0.581801
0.612063
0.280269
0.283437
0.286866
0.290578
0.294598
0.298949
0.303661
0.308761
0.314283
0.320261
0.326733
0.33374
0.341326
0.349539
0.35843
0.368056
0.378478
0.38976
0.401974
0.415198
0.429514
0.445013
0.461793
0.479958
0.499625
0.520915
0.543965
0.568917
0.595931
0.625175
0.307457
0.310505
0.313805
0.317378
0.321246
0.325434
0.329968
0.334876
0.34019
0.345943
0.352171
0.358914
0.366214
0.374118
0.382674
0.391938
0.401966
0.412824
0.424578
0.437304
0.451081
0.465996
0.482143
0.499625
0.51855
0.539039
0.56122
0.585232
0.611228
0.639371
0.336891
0.33981
0.342971
0.346392
0.350096
0.354106
0.358448
0.363148
0.368237
0.373746
0.379711
0.386168
0.393159
0.400727
0.408921
0.417792
0.427396
0.437793
0.449049
0.461236
0.474429
0.488712
0.504175
0.520915
0.539039
0.558659
0.5799
0.602895
0.627789
0.654739
0.368757
0.371536
0.374545
0.377802
0.381329
0.385147
0.389281
0.393756
0.398601
0.403846
0.409525
0.415673
0.422329
0.429534
0.437336
0.445782
0.454925
0.464824
0.475541
0.487144
0.499705
0.513304
0.528026
0.543965
0.56122
0.5799
0.600123
0.622016
0.645718
0.671376
0.403254
0.405882
0.408727
0.411807
0.415142
0.418752
0.42266
0.426892
0.431473
0.436432
0.441801
0.447614
0.453908
0.460721
0.468097
0.476083
0.484729
0.494089
0.504222
0.515192
0.527069
0.539927
0.553847
0.568917
0.585232
0.602895
0.622016
0.642717
0.665127
0.689387
0.440601
0.443065
0.445733
0.448621
0.451747
0.455132
0.458797
0.462764
0.467059
0.47171
0.476744
0.482194
0.488095
0.494484
0.5014
0.508887
0.516994
0.52577
0.535271
0.545557
0.556693
0.568749
0.581801
0.595931
0.611228
0.627789
0.645718
0.665127
0.686139
0.708885
0.481033
0.483319
0.485795
0.488474
0.491376
0.494517
0.497918
0.501599
0.505585
0.509901
0.514572
0.51963
0.525106
0.531034
0.537452
0.544401
0.551923
0.560067
0.568884
0.578429
0.588763
0.599951
0.612063
0.625175
0.639371
0.654739
0.671376
0.689387
0.708885
0.729994
0.534351
0.536917
0.539689
0.542685
0.545921
0.549416
0.553189
0.557263
0.561659
0.566403
0.571518
0.577033
0.582976
0.589378
0.59627
0.603685
0.611658
0.620224
0.629421
0.639284
0.649853
0.661163
0.673252
0.686153
0.699899
0.714517
0.730029
0.746452
0.763791
0.782043
0.597263
0.600564
0.604122
0.607956
0.612085
0.616531
0.621314
0.626457
0.631984
0.637918
0.644284
0.651107
0.658411
0.666221
0.674561
0.683452
0.692913
0.702962
0.713609
0.724859
0.73671
0.749148
0.762148
0.775666
0.789641
0.803985
0.818582
0.833279
0.847882
0.862149
0.660192
0.664227
0.668571
0.673243
0.678266
0.683663
0.689455
0.695668
0.702325
0.70945
0.717067
0.725197
0.733862
0.743081
0.752868
0.763235
0.774185
0.785715
0.797813
0.810449
0.823583
0.837149
0.85106
0.865196
0.8794
0.893471
0.907153
0.920124
0.931991
0.942271
0.723133
0.727903
0.733032
0.738543
0.74446
0.750807
0.757609
0.764891
0.772678
0.780994
0.789861
0.799298
0.809324
0.819952
0.831187
0.843029
0.855468
0.868481
0.882028
0.896052
0.910468
0.925162
0.939985
0.954739
0.969173
0.982971
0.995737
1.00698
1.01611
1.02241
0.782043
0.763791
0.746452
0.730029
0.714517
0.699899
0.686153
0.673252
0.661163
0.649853
0.639284
0.629421
0.620224
0.611658
0.603685
0.59627
0.589378
0.582976
0.577033
0.571518
0.566403
0.561659
0.557263
0.553189
0.549416
0.545921
0.542685
0.539689
0.536917
0.534351
0.862149
0.847882
0.833279
0.818582
0.803985
0.789641
0.775666
0.762148
0.749148
0.73671
0.724859
0.713609
0.702962
0.692913
0.683452
0.674561
0.666221
0.658411
0.651107
0.644284
0.637918
0.631984
0.626457
0.621314
0.616531
0.612085
0.607956
0.604122
0.600564
0.597263
0.942271
0.931991
0.920124
0.907153
0.893471
0.8794
0.865196
0.85106
0.837149
0.823583
0.810449
0.797813
0.785715
0.774185
0.763235
0.752868
0.743081
0.733862
0.725197
0.717067
0.70945
0.702325
0.695668
0.689455
0.683663
0.678266
0.673243
0.668571
0.664227
0.660192
1.02241
1.01611
1.00698
0.995737
0.982971
0.969173
0.954739
0.939985
0.925162
0.910468
0.896052
0.882028
0.868481
0.855468
0.843029
0.831187
0.819952
0.809324
0.799298
0.789861
0.780994
0.772678
0.764891
0.757609
0.750807
0.74446
0.738543
0.733032
0.727903
0.723133
6.22356e-20
-0.00438812
-0.00913884
-0.0142821
-0.0198504
-0.0258789
-0.0324054
-0.0394713
-0.0471211
-0.0554029
-0.0643691
-0.0740762
-0.0845854
-0.0959629
-0.108281
-0.121616
-0.136053
-0.151683
-0.168605
-0.186925
-0.206758
-0.22823
-0.251476
-0.276642
-0.303888
-0.333384
-0.365317
-0.399887
-0.437313
-0.477829
0.00438812
5.33314e-20
-0.00475072
-0.00989402
-0.0154623
-0.0214907
-0.0280173
-0.0350832
-0.0427329
-0.0510148
-0.059981
-0.0696881
-0.0801973
-0.0915748
-0.103892
-0.117228
-0.131665
-0.147295
-0.164217
-0.182537
-0.20237
-0.223842
-0.247088
-0.272254
-0.2995
-0.328996
-0.360928
-0.395499
-0.432924
-0.473441
0.00913884
0.00475072
-9.14376e-20
-0.00514329
-0.0107116
-0.01674
-0.0232666
-0.0303325
-0.0379822
-0.0462641
-0.0552303
-0.0649374
-0.0754465
-0.0868241
-0.0991417
-0.112477
-0.126914
-0.142545
-0.159466
-0.177786
-0.197619
-0.219091
-0.242337
-0.267503
-0.294749
-0.324245
-0.356178
-0.390748
-0.428173
-0.46869
0.0142821
0.00989402
0.00514329
-1.56837e-19
-0.0055683
-0.0115967
-0.0181233
-0.0251892
-0.0328389
-0.0411208
-0.050087
-0.0597941
-0.0703032
-0.0816808
-0.0939984
-0.107334
-0.121771
-0.137401
-0.154323
-0.172643
-0.192476
-0.213948
-0.237194
-0.26236
-0.289605
-0.319102
-0.351034
-0.385604
-0.42303
-0.463546
0.0198504
0.0154623
0.0107116
0.0055683
-6.72843e-20
-0.00602843
-0.012555
-0.0196209
-0.0272706
-0.0355525
-0.0445187
-0.0542258
-0.0647349
-0.0761125
-0.0884301
-0.101766
-0.116203
-0.131833
-0.148755
-0.167074
-0.186908
-0.20838
-0.231625
-0.256792
-0.284037
-0.313533
-0.345466
-0.380036
-0.417461
-0.457978
0.0258789
0.0214907
0.01674
0.0115967
0.00602843
0
-0.00652657
-0.0135925
-0.0212422
-0.0295241
-0.0384903
-0.0481973
-0.0587065
-0.070084
-0.0824017
-0.0957371
-0.110174
-0.125805
-0.142726
-0.161046
-0.180879
-0.202351
-0.225597
-0.250763
-0.278009
-0.307505
-0.339437
-0.374007
-0.411433
-0.451949
0.0324054
0.0280173
0.0232666
0.0181233
0.012555
0.00652657
9.92228e-20
-0.00706588
-0.0147156
-0.0229975
-0.0319637
-0.0416708
-0.0521799
-0.0635575
-0.0758751
-0.0892105
-0.103648
-0.119278
-0.1362
-0.154519
-0.174353
-0.195824
-0.21907
-0.244237
-0.271482
-0.300978
-0.33291
-0.36748
-0.404906
-0.445422
0.0394713
0.0350832
0.0303325
0.0251892
0.0196209
0.0135925
0.00706588
8.52764e-20
-0.00764975
-0.0159316
-0.0248978
-0.0346049
-0.045114
-0.0564916
-0.0688092
-0.0821446
-0.0965819
-0.112212
-0.129134
-0.147453
-0.167287
-0.188758
-0.212004
-0.237171
-0.264416
-0.293912
-0.325844
-0.360414
-0.39784
-0.438356
0.0471211
0.0427329
0.0379822
0.0328389
0.0272706
0.0212422
0.0147156
0.00764975
0
-0.00828186
-0.017248
-0.0269551
-0.0374643
-0.0488418
-0.0611595
-0.0744949
-0.0889321
-0.104562
-0.121484
-0.139804
-0.159637
-0.181109
-0.204355
-0.229521
-0.256766
-0.286262
-0.318194
-0.352764
-0.39019
-0.430706
0.0554029
0.0510148
0.0462641
0.0411208
0.0355525
0.0295241
0.0229975
0.0159316
0.00828186
0
-0.00896619
-0.0186733
-0.0291824
-0.04056
-0.0528776
-0.066213
-0.0806503
-0.0962804
-0.113202
-0.131522
-0.151355
-0.172827
-0.196073
-0.221239
-0.248484
-0.27798
-0.309912
-0.344482
-0.381907
-0.422423
0.0643691
0.059981
0.0552303
0.050087
0.0445187
0.0384903
0.0319637
0.0248978
0.017248
0.00896619
0
-0.00970707
-0.0202162
-0.0315938
-0.0439114
-0.0572468
-0.0716841
-0.0873142
-0.104236
-0.122555
-0.142389
-0.163861
-0.187106
-0.212273
-0.239518
-0.269014
-0.300946
-0.335516
-0.372941
-0.413457
0.0740762
0.0696881
0.0649374
0.0597941
0.0542258
0.0481973
0.0416708
0.0346049
0.0269551
0.0186733
0.00970707
-1.87483e-19
-0.0105092
-0.0218867
-0.0342043
-0.0475397
-0.061977
-0.0776071
-0.0945287
-0.112848
-0.132682
-0.154153
-0.177399
-0.202565
-0.229811
-0.259306
-0.291239
-0.325808
-0.363233
-0.403749
0.0845854
0.0801973
0.0754465
0.0703032
0.0647349
0.0587065
0.0521799
0.045114
0.0374643
0.0291824
0.0202162
0.0105092
1.6179e-19
-0.0113775
-0.0236952
-0.0370306
-0.0514678
-0.0670979
-0.0840195
-0.102339
-0.122172
-0.143644
-0.16689
-0.192056
-0.219301
-0.248797
-0.280729
-0.315299
-0.352724
-0.39324
0.0959629
0.0915748
0.0868241
0.0816808
0.0761125
0.070084
0.0635575
0.0564916
0.0488418
0.04056
0.0315938
0.0218867
0.0113775
1.39772e-19
-0.0123176
-0.025653
-0.0400903
-0.0557204
-0.072642
-0.0909616
-0.110795
-0.132267
-0.155512
-0.180678
-0.207924
-0.237419
-0.269352
-0.303921
-0.341346
-0.381861
0.108281
0.103892
0.0991417
0.0939984
0.0884301
0.0824017
0.0758751
0.0688092
0.0611595
0.0528776
0.0439114
0.0342043
0.0236952
0.0123176
1.20896e-19
-0.0133354
-0.0277726
-0.0434028
-0.0603243
-0.078644
-0.0984772
-0.119949
-0.143195
-0.168361
-0.195606
-0.225102
-0.257034
-0.291603
-0.329028
-0.369543
0.121616
0.117228
0.112477
0.107334
0.101766
0.0957371
0.0892105
0.0821446
0.0744949
0.066213
0.0572468
0.0475397
0.0370306
0.025653
0.0133354
0
-0.0144372
-0.0300674
-0.0469889
-0.0653085
-0.0851417
-0.106614
-0.129859
-0.155025
-0.18227
-0.211766
-0.243698
-0.278268
-0.315692
-0.356207
0.136053
0.131665
0.126914
0.121771
0.116203
0.110174
0.103648
0.0965819
0.0889321
0.0806503
0.0716841
0.061977
0.0514678
0.0400903
0.0277726
0.0144372
3.63313e-19
-0.0156301
-0.0325517
-0.0508713
-0.0707045
-0.0921762
-0.115422
-0.140588
-0.167833
-0.197329
-0.229261
-0.26383
-0.301254
-0.34177
0.151683
0.147295
0.142545
0.137401
0.131833
0.125805
0.119278
0.112212
0.104562
0.0962804
0.0873142
0.0776071
0.0670979
0.0557204
0.0434028
0.0300674
0.0156301
-1.57839e-19
-0.0169215
-0.0352412
-0.0550743
-0.0765461
-0.0997917
-0.124958
-0.152203
-0.181698
-0.21363
-0.2482
-0.285624
-0.326139
0.168605
0.164217
0.159466
0.154323
0.148755
0.142726
0.1362
0.129134
0.121484
0.113202
0.104236
0.0945287
0.0840195
0.072642
0.0603243
0.0469889
0.0325517
0.0169215
-2.74808e-19
-0.0183196
-0.0381528
-0.0596245
-0.0828702
-0.108036
-0.135281
-0.164777
-0.196708
-0.231278
-0.268702
-0.309217
0.186925
0.182537
0.177786
0.172643
0.167074
0.161046
0.154519
0.147453
0.139804
0.131522
0.122555
0.112848
0.102339
0.0909616
0.078644
0.0653085
0.0508713
0.0352412
0.0183196
-4.79481e-19
-0.0198332
-0.0413049
-0.0645505
-0.0897165
-0.116961
-0.146457
-0.178389
-0.212958
-0.250382
-0.290896
0.206758
0.20237
0.197619
0.192476
0.186908
0.180879
0.174353
0.167287
0.159637
0.151355
0.142389
0.132682
0.122172
0.110795
0.0984772
0.0851417
0.0707045
0.0550743
0.0381528
0.0198332
0
-0.0214717
-0.0447173
-0.0698833
-0.0971282
-0.126624
-0.158555
-0.193124
-0.230548
-0.271063
0.22823
0.223842
0.219091
0.213948
0.20838
0.202351
0.195824
0.188758
0.181109
0.172827
0.163861
0.154153
0.143644
0.132267
0.119949
0.106614
0.0921762
0.0765461
0.0596245
0.0413049
0.0214717
0
-0.0232456
-0.0484115
-0.0756564
-0.105152
-0.137083
-0.171652
-0.209076
-0.24959
0.251476
0.247088
0.242337
0.237194
0.231625
0.225597
0.21907
0.212004
0.204355
0.196073
0.187106
0.177399
0.16689
0.155512
0.143195
0.129859
0.115422
0.0997917
0.0828702
0.0645505
0.0447173
0.0232456
0
-0.0251659
-0.0524108
-0.0819061
-0.113838
-0.148407
-0.18583
-0.226344
0.276642
0.272254
0.267503
0.26236
0.256792
0.250763
0.244237
0.237171
0.229521
0.221239
0.212273
0.202565
0.192056
0.180678
0.168361
0.155025
0.140588
0.124958
0.108036
0.0897165
0.0698833
0.0484115
0.0251659
0
-0.0272448
-0.0567401
-0.0886716
-0.12324
-0.160664
-0.201178
0.303888
0.2995
0.294749
0.289605
0.284037
0.278009
0.271482
0.264416
0.256766
0.248484
0.239518
0.229811
0.219301
0.207924
0.195606
0.18227
0.167833
0.152203
0.135281
0.116961
0.0971282
0.0756564
0.0524108
0.0272448
0
-0.0294953
-0.0614268
-0.0959954
-0.133419
-0.173932
0.333384
0.328996
0.324245
0.319102
0.313533
0.307505
0.300978
0.293912
0.286262
0.27798
0.269014
0.259306
0.248797
0.237419
0.225102
0.211766
0.197329
0.181698
0.164777
0.146457
0.126624
0.105152
0.0819061
0.0567401
0.0294953
4.511e-19
-0.0319314
-0.0665001
-0.103923
-0.144437
0.365317
0.360928
0.356178
0.351034
0.345466
0.339437
0.33291
0.325844
0.318194
0.309912
0.300946
0.291239
0.280729
0.269352
0.257034
0.243698
0.229261
0.21363
0.196708
0.178389
0.158555
0.137083
0.113838
0.0886716
0.0614268
0.0319314
-8.08464e-19
-0.0345686
-0.0719918
-0.112505
0.399887
0.395499
0.390748
0.385604
0.380036
0.374007
0.36748
0.360414
0.352764
0.344482
0.335516
0.325808
0.315299
0.303921
0.291603
0.278268
0.26383
0.2482
0.231278
0.212958
0.193124
0.171652
0.148407
0.12324
0.0959954
0.0665001
0.0345686
-3.6475e-19
-0.0374231
-0.0779361
0.437313
0.432924
0.428173
0.42303
0.417461
0.411433
0.404906
0.39784
0.39019
0.381907
0.372941
0.363233
0.352724
0.341346
0.329028
0.315692
0.301254
0.285624
0.268702
0.250382
0.230548
0.209076
0.18583
0.160664
0.133419
0.103923
0.0719918
0.0374231
0
-0.0405129
0.477829
0.473441
0.46869
0.463546
0.457978
0.451949
0.445422
0.438356
0.430706
0.422423
0.413457
0.403749
0.39324
0.381861
0.369543
0.356207
0.34177
0.326139
0.309217
0.290896
0.271063
0.24959
0.226344
0.201178
0.173932
0.144437
0.112505
0.0779361
0.0405129
0
0.530957
0.52646
0.521586
0.516304
0.510578
0.504372
0.497645
0.49035
0.482442
0.473865
0.464564
0.454476
0.443534
0.431663
0.418783
0.404807
0.38964
0.373179
0.355312
0.335918
0.314864
0.292008
0.267196
0.240261
0.211025
0.179296
0.144871
0.107535
0.0670605
0.0232169
0.593418
0.588718
0.583614
0.578072
0.572051
0.56551
0.558401
0.550673
0.54227
0.533131
0.523188
0.512368
0.50059
0.487765
0.473796
0.458577
0.44199
0.423911
0.404198
0.3827
0.359254
0.33368
0.305786
0.275365
0.242197
0.206048
0.166675
0.123829
0.0772567
0.0267159
0.655896
0.650993
0.645659
0.639856
0.63354
0.626662
0.619172
0.61101
0.602113
0.59241
0.581826
0.570273
0.557659
0.543879
0.52882
0.512357
0.494351
0.474652
0.453092
0.429492
0.403652
0.37536
0.344384
0.310476
0.273375
0.232805
0.188484
0.140126
0.0874551
0.0302157
0.718387
0.713279
0.707716
0.701651
0.695039
0.687826
0.679953
0.671357
0.661965
0.6517
0.640472
0.628187
0.614736
0.600002
0.583853
0.566145
0.54672
0.5254
0.501994
0.476289
0.448057
0.417046
0.382987
0.345592
0.304557
0.259566
0.210295
0.156426
0.097655
0.033716
-0.0232169
-0.0670605
-0.107535
-0.144871
-0.179296
-0.211025
-0.240261
-0.267196
-0.292008
-0.314864
-0.335918
-0.355312
-0.373179
-0.38964
-0.404807
-0.418783
-0.431663
-0.443534
-0.454476
-0.464564
-0.473865
-0.482442
-0.49035
-0.497645
-0.504372
-0.510578
-0.516304
-0.521586
-0.52646
-0.530957
-0.0267159
-0.0772567
-0.123829
-0.166675
-0.206048
-0.242197
-0.275365
-0.305786
-0.33368
-0.359254
-0.3827
-0.404198
-0.423911
-0.44199
-0.458577
-0.473796
-0.487765
-0.50059
-0.512368
-0.523188
-0.533131
-0.54227
-0.550673
-0.558401
-0.56551
-0.572051
-0.578072
-0.583614
-0.588718
-0.593418
-0.0302157
-0.0874551
-0.140126
-0.188484
-0.232805
-0.273375
-0.310476
-0.344384
-0.37536
-0.403652
-0.429492
-0.453092
-0.474652
-0.494351
-0.512357
-0.52882
-0.543879
-0.557659
-0.570273
-0.581826
-0.59241
-0.602113
-0.61101
-0.619172
-0.626662
-0.63354
-0.639856
-0.645659
-0.650993
-0.655896
-0.033716
-0.097655
-0.156426
-0.210295
-0.259566
-0.304557
-0.345592
-0.382987
-0.417046
-0.448057
-0.476289
-0.501994
-0.5254
-0.54672
-0.566145
-0.583853
-0.600002
-0.614736
-0.628187
-0.640472
-0.6517
-0.661965
-0.671357
-0.679953
-0.687826
-0.695039
-0.701651
-0.707716
-0.713279
-0.718387
-0.00420822
-0.00858711
-0.0133278
-0.0184603
-0.0240169
-0.0300327
-0.0365455
-0.0435965
-0.0512302
-0.0594947
-0.068442
-0.0781287
-0.0886158
-0.0999694
-0.112261
-0.125569
-0.139975
-0.155573
-0.172459
-0.19074
-0.210532
-0.231958
-0.255156
-0.280269
-0.307457
-0.336891
-0.368757
-0.403254
-0.440601
-0.481033
-0.00858711
-0.0129468
-0.0176667
-0.0227767
-0.0283089
-0.0342982
-0.0407825
-0.0478026
-0.0554028
-0.063631
-0.072539
-0.0821832
-0.0926243
-0.103928
-0.116166
-0.129415
-0.143759
-0.159288
-0.176099
-0.1943
-0.214005
-0.235338
-0.258433
-0.283437
-0.310505
-0.33981
-0.371536
-0.405882
-0.443065
-0.483319
-0.0133278
-0.0176667
-0.0223641
-0.0274497
-0.0329555
-0.0389163
-0.0453696
-0.0523562
-0.0599201
-0.0681091
-0.0769746
-0.0865728
-0.096964
-0.108214
-0.120393
-0.133579
-0.147854
-0.163309
-0.180041
-0.198155
-0.217766
-0.238997
-0.261982
-0.286866
-0.313805
-0.342971
-0.374545
-0.408727
-0.445733
-0.485795
-0.0184603
-0.0227767
-0.0274497
-0.0325089
-0.0379861
-0.043916
-0.0503358
-0.0572861
-0.0648108
-0.0729572
-0.0817768
-0.0913251
-0.101662
-0.112854
-0.12497
-0.138087
-0.152289
-0.167663
-0.184308
-0.202328
-0.221837
-0.242958
-0.265824
-0.290578
-0.317378
-0.346392
-0.377802
-0.411807
-0.448621
-0.488474
-0.0240169
-0.0283089
-0.0329555
-0.0379861
-0.0434324
-0.0493288
-0.0557124
-0.0626234
-0.0701056
-0.078206
-0.0869757
-0.0964701
-0.106749
-0.117877
-0.129925
-0.142968
-0.157089
-0.172377
-0.188928
-0.206846
-0.226245
-0.247246
-0.269983
-0.294598
-0.321246
-0.350096
-0.381329
-0.415142
-0.451747
-0.491376
-0.0300327
-0.0342982
-0.0389163
-0.043916
-0.0493288
-0.0551889
-0.0615332
-0.0684017
-0.0758379
-0.0838884
-0.0926043
-0.10204
-0.112256
-0.123316
-0.135289
-0.148252
-0.162287
-0.17748
-0.193929
-0.211737
-0.231017
-0.251889
-0.274486
-0.298949
-0.325434
-0.354106
-0.385147
-0.418752
-0.455132
-0.494517
-0.0365455
-0.0407825
-0.0453696
-0.0503358
-0.0557124
-0.0615332
-0.067835
-0.0746575
-0.0820438
-0.0900405
-0.0986979
-0.108071
-0.118218
-0.129204
-0.141097
-0.153973
-0.167913
-0.183005
-0.199344
-0.217033
-0.236183
-0.256916
-0.279361
-0.303661
-0.329968
-0.358448
-0.389281
-0.42266
-0.458797
-0.497918
-0.0435965
-0.0478026
-0.0523562
-0.0572861
-0.0626234
-0.0684017
-0.0746575
-0.0814303
-0.0887626
-0.0967009
-0.105295
-0.114599
-0.124673
-0.135578
-0.147385
-0.160167
-0.174005
-0.188987
-0.205206
-0.222766
-0.241776
-0.262357
-0.284639
-0.308761
-0.334876
-0.363148
-0.393756
-0.426892
-0.462764
-0.501599
-0.0512302
-0.0554028
-0.0599201
-0.0648108
-0.0701056
-0.0758379
-0.0820438
-0.0887626
-0.0960366
-0.103912
-0.112437
-0.121668
-0.131661
-0.142479
-0.154192
-0.166872
-0.1806
-0.195463
-0.211553
-0.228973
-0.247832
-0.268249
-0.290353
-0.314283
-0.34019
-0.368237
-0.398601
-0.431473
-0.467059
-0.505585
-0.0594947
-0.063631
-0.0681091
-0.0729572
-0.078206
-0.0838884
-0.0900405
-0.0967009
-0.103912
-0.111718
-0.12017
-0.12932
-0.139226
-0.149951
-0.161561
-0.174132
-0.18774
-0.202474
-0.218424
-0.235692
-0.254388
-0.274627
-0.296539
-0.320261
-0.345943
-0.373746
-0.403846
-0.436432
-0.47171
-0.509901
-0.068442
-0.072539
-0.0769746
-0.0817768
-0.0869757
-0.0926043
-0.0986979
-0.105295
-0.112437
-0.12017
-0.128541
-0.137605
-0.147417
-0.158039
-0.16954
-0.181991
-0.19547
-0.210064
-0.225863
-0.242967
-0.261485
-0.281533
-0.303236
-0.326733
-0.352171
-0.379711
-0.409525
-0.441801
-0.476744
-0.514572
-0.0781287
-0.0821832
-0.0865728
-0.0913251
-0.0964701
-0.10204
-0.108071
-0.114599
-0.121668
-0.12932
-0.137605
-0.146574
-0.156284
-0.166797
-0.178178
-0.190499
-0.203839
-0.218281
-0.233916
-0.250843
-0.269169
-0.289008
-0.310487
-0.33374
-0.358914
-0.386168
-0.415673
-0.447614
-0.482194
-0.51963
-0.0886158
-0.0926243
-0.096964
-0.101662
-0.106749
-0.112256
-0.118218
-0.124673
-0.131661
-0.139226
-0.147417
-0.156284
-0.165884
-0.176277
-0.187529
-0.199711
-0.2129
-0.227178
-0.242635
-0.25937
-0.277488
-0.297102
-0.318337
-0.341326
-0.366214
-0.393159
-0.422329
-0.453908
-0.488095
-0.525106
-0.0999694
-0.103928
-0.108214
-0.112854
-0.117877
-0.123316
-0.129204
-0.135578
-0.142479
-0.149951
-0.158039
-0.166797
-0.176277
-0.186541
-0.197654
-0.209684
-0.222709
-0.236809
-0.252075
-0.268602
-0.286494
-0.305865
-0.326835
-0.349539
-0.374118
-0.400727
-0.429534
-0.460721
-0.494484
-0.531034
-0.112261
-0.116166
-0.120393
-0.12497
-0.129925
-0.135289
-0.141097
-0.147385
-0.154192
-0.161561
-0.16954
-0.178178
-0.187529
-0.197654
-0.208615
-0.220481
-0.233328
-0.247236
-0.262294
-0.278596
-0.296244
-0.315351
-0.336036
-0.35843
-0.382674
-0.408921
-0.437336
-0.468097
-0.5014
-0.537452
-0.125569
-0.129415
-0.133579
-0.138087
-0.142968
-0.148252
-0.153973
-0.160167
-0.166872
-0.174132
-0.181991
-0.190499
-0.199711
-0.209684
-0.220481
-0.23217
-0.244825
-0.258525
-0.273358
-0.289416
-0.3068
-0.325621
-0.345997
-0.368056
-0.391938
-0.417792
-0.445782
-0.476083
-0.508887
-0.544401
-0.139975
-0.143759
-0.147854
-0.152289
-0.157089
-0.162287
-0.167913
-0.174005
-0.1806
-0.18774
-0.19547
-0.203839
-0.2129
-0.222709
-0.233328
-0.244825
-0.257272
-0.270747
-0.285336
-0.30113
-0.318229
-0.33674
-0.356781
-0.378478
-0.401966
-0.427396
-0.454925
-0.484729
-0.516994
-0.551923
-0.155573
-0.159288
-0.163309
-0.167663
-0.172377
-0.17748
-0.183005
-0.188987
-0.195463
-0.202474
-0.210064
-0.218281
-0.227178
-0.236809
-0.247236
-0.258525
-0.270747
-0.283978
-0.298303
-0.313811
-0.330601
-0.348778
-0.368456
-0.38976
-0.412824
-0.437793
-0.464824
-0.494089
-0.52577
-0.560067
-0.172459
-0.176099
-0.180041
-0.184308
-0.188928
-0.193929
-0.199344
-0.205206
-0.211553
-0.218424
-0.225863
-0.233916
-0.242635
-0.252075
-0.262294
-0.273358
-0.285336
-0.298303
-0.312342
-0.327541
-0.343996
-0.36181
-0.381095
-0.401974
-0.424578
-0.449049
-0.475541
-0.504222
-0.535271
-0.568884
-0.19074
-0.1943
-0.198155
-0.202328
-0.206846
-0.211737
-0.217033
-0.222766
-0.228973
-0.235692
-0.242967
-0.250843
-0.25937
-0.268602
-0.278596
-0.289416
-0.30113
-0.313811
-0.327541
-0.342405
-0.358497
-0.375919
-0.394779
-0.415198
-0.437304
-0.461236
-0.487144
-0.515192
-0.545557
-0.578429
-0.210532
-0.214005
-0.217766
-0.221837
-0.226245
-0.231017
-0.236183
-0.241776
-0.247832
-0.254388
-0.261485
-0.269169
-0.277488
-0.286494
-0.296244
-0.3068
-0.318229
-0.330601
-0.343996
-0.358497
-0.374196
-0.391193
-0.409594
-0.429514
-0.451081
-0.474429
-0.499705
-0.527069
-0.556693
-0.588763
-0.231958
-0.235338
-0.238997
-0.242958
-0.247246
-0.251889
-0.256916
-0.262357
-0.268249
-0.274627
-0.281533
-0.289008
-0.297102
-0.305865
-0.315351
-0.325621
-0.33674
-0.348778
-0.36181
-0.375919
-0.391193
-0.407729
-0.425632
-0.445013
-0.465996
-0.488712
-0.513304
-0.539927
-0.568749
-0.599951
-0.255156
-0.258433
-0.261982
-0.265824
-0.269983
-0.274486
-0.279361
-0.284639
-0.290353
-0.296539
-0.303236
-0.310487
-0.318337
-0.326835
-0.336036
-0.345997
-0.356781
-0.368456
-0.381095
-0.394779
-0.409594
-0.425632
-0.442995
-0.461793
-0.482143
-0.504175
-0.528026
-0.553847
-0.581801
-0.612063
-0.280269
-0.283437
-0.286866
-0.290578
-0.294598
-0.298949
-0.303661
-0.308761
-0.314283
-0.320261
-0.326733
-0.33374
-0.341326
-0.349539
-0.35843
-0.368056
-0.378478
-0.38976
-0.401974
-0.415198
-0.429514
-0.445013
-0.461793
-0.479958
-0.499625
-0.520915
-0.543965
-0.568917
-0.595931
-0.625175
-0.307457
-0.310505
-0.313805
-0.317378
-0.321246
-0.325434
-0.329968
-0.334876
-0.34019
-0.345943
-0.352171
-0.358914
-0.366214
-0.374118
-0.382674
-0.391938
-0.401966
-0.412824
-0.424578
-0.437304
-0.451081
-0.465996
-0.482143
-0.499625
-0.51855
-0.539039
-0.56122
-0.585232
-0.611228
-0.639371
-0.336891
-0.33981
-0.342971
-0.346392
-0.350096
-0.354106
-0.358448
-0.363148
-0.368237
-0.373746
-0.379711
-0.386168
-0.393159
-0.400727
-0.408921
-0.417792
-0.427396
-0.437793
-0.449049
-0.461236
-0.474429
-0.488712
-0.504175
-0.520915
-0.539039
-0.558659
-0.5799
-0.602895
-0.627789
-0.654739
-0.368757
-0.371536
-0.374545
-0.377802
-0.381329
-0.385147
-0.389281
-0.393756
-0.398601
-0.403846
-0.409525
-0.415673
-0.422329
-0.429534
-0.437336
-0.445782
-0.454925
-0.464824
-0.475541
-0.487144
-0.499705
-0.513304
-0.528026
-0.543965
-0.56122
-0.5799
-0.600123
-0.622016
-0.645718
-0.671376
-0.403254
-0.405882
-0.408727
-0.411807
-0.415142
-0.418752
-0.42266
-0.426892
-0.431473
-0.436432
-0.441801
-0.447614
-0.453908
-0.460721
-0.468097
-0.476083
-0.484729
-0.494089
-0.504222
-0.515192
-0.527069
-0.539927
-0.553847
-0.568917
-0.585232
-0.602895
-0.622016
-0.642717
-0.665127
-0.689387
-0.440601
-0.443065
-0.445733
-0.448621
-0.451747
-0.455132
-0.458797
-0.462764
-0.467059
-0.47171
-0.476744
-0.482194
-0.488095
-0.494484
-0.5014
-0.508887
-0.516994
-0.52577
-0.535271
-0.545557
-0.556693
-0.568749
-0.581801
-0.595931
-0.611228
-0.627789
-0.645718
-0.665127
-0.686139
-0.708885
-0.481033
-0.483319
-0.485795
-0.488474
-0.491376
-0.494517
-0.497918
-0.501599
-0.505585
-0.509901
-0.514572
-0.51963
-0.525106
-0.531034
-0.537452
-0.544401
-0.551923
-0.560067
-0.568884
-0.578429
-0.588763
-0.599951
-0.612063
-0.625175
-0.639371
-0.654739
-0.671376
-0.689387
-0.708885
-0.729994
-0.534351
-0.536917
-0.539689
-0.542685
-0.545921
-0.549416
-0.553189
-0.557263
-0.561659
-0.566403
-0.571518
-0.577033
-0.582976
-0.589378
-0.59627
-0.603685
-0.611658
-0.620224
-0.629421
-0.639284
-0.649853
-0.661163
-0.673252
-0.686153
-0.699899
-0.714517
-0.730029
-0.746452
-0.763791
-0.782043
-0.597263
-0.600564
-0.604122
-0.607956
-0.612085
-0.616531
-0.621314
-0.626457
-0.631984
-0.637918
-0.644284
-0.651107
-0.658411
-0.666221
-0.674561
-0.683452
-0.692913
-0.702962
-0.713609
-0.724859
-0.73671
-0.749148
-0.762148
-0.775666
-0.789641
-0.803985
-0.818582
-0.833279
-0.847882
-0.862149
-0.660192
-0.664227
-0.668571
-0.673243
-0.678266
-0.683663
-0.689455
-0.695668
-0.702325
-0.70945
-0.717067
-0.725197
-0.733862
-0.743081
-0.752868
-0.763235
-0.774185
-0.785715
-0.797813
-0.810449
-0.823583
-0.837149
-0.85106
-0.865196
-0.8794
-0.893471
-0.907153
-0.920124
-0.931991
-0.942271
-0.723133
-0.727903
-0.733032
-0.738543
-0.74446
-0.750807
-0.757609
-0.764891
-0.772678
-0.780994
-0.789861
-0.799298
-0.809324
-0.819952
-0.831187
-0.843029
-0.855468
-0.868481
-0.882028
-0.896052
-0.910468
-0.925162
-0.939985
-0.954739
-0.969173
-0.982971
-0.995737
-1.00698
-1.01611
-1.02241
-0.782043
-0.763791
-0.746452
-0.730029
-0.714517
-0.699899
-0.686153
-0.673252
-0.661163
-0.649853
-0.639284
-0.629421
-0.620224
-0.611658
-0.603685
-0.59627
-0.589378
-0.582976
-0.577033
-0.571518
-0.566403
-0.561659
-0.557263
-0.553189
-0.549416
-0.545921
-0.542685
-0.539689
-0.536917
-0.534351
-0.862149
-0.847882
-0.833279
-0.818582
-0.803985
-0.789641
-0.775666
-0.762148
-0.749148
-0.73671
-0.724859
-0.713609
-0.702962
-0.692913
-0.683452
-0.674561
-0.666221
-0.658411
-0.651107
-0.644284
-0.637918
-0.631984
-0.626457
-0.621314
-0.616531
-0.612085
-0.607956
-0.604122
-0.600564
-0.597263
-0.942271
-0.931991
-0.920124
-0.907153
-0.893471
-0.8794
-0.865196
-0.85106
-0.837149
-0.823583
-0.810449
-0.797813
-0.785715
-0.774185
-0.763235
-0.752868
-0.743081
-0.733862
-0.725197
-0.717067
-0.70945
-0.702325
-0.695668
-0.689455
-0.683663
-0.678266
-0.673243
-0.668571
-0.664227
-0.660192
-1.02241
-1.01611
-1.00698
-0.995737
-0.982971
-0.969173
-0.954739
-0.939985
-0.925162
-0.910468
-0.896052
-0.882028
-0.868481
-0.855468
-0.843029
-0.831187
-0.819952
-0.809324
-0.799298
-0.789861
-0.780994
-0.772678
-0.764891
-0.757609
-0.750807
-0.74446
-0.738543
-0.733032
-0.727903
-0.723133
-6.22356e-20
0.00438812
0.00913884
0.0142821
0.0198504
0.0258789
0.0324054
0.0394713
0.0471211
0.0554029
0.0643691
0.0740762
0.0845854
0.0959629
0.108281
0.121616
0.136053
0.151683
0.168605
0.186925
0.206758
0.22823
0.251476
0.276642
0.303888
0.333384
0.365317
0.399887
0.437313
0.477829
-0.00438812
-5.33314e-20
0.00475072
0.00989402
0.0154623
0.0214907
0.0280173
0.0350832
0.0427329
0.0510148
0.059981
0.0696881
0.0801973
0.0915748
0.103892
0.117228
0.131665
0.147295
0.164217
0.182537
0.20237
0.223842
0.247088
0.272254
0.2995
0.328996
0.360928
0.395499
0.432924
0.473441
-0.00913884
-0.00475072
9.14376e-20
0.00514329
0.0107116
0.01674
0.0232666
0.0303325
0.0379822
0.0462641
0.0552303
0.0649374
0.0754465
0.0868241
0.0991417
0.112477
0.126914
0.142545
0.159466
0.177786
0.197619
0.219091
0.242337
0.267503
0.294749
0.324245
0.356178
0.390748
0.428173
0.46869
-0.0142821
-0.00989402
-0.00514329
1.56837e-19
0.0055683
0.0115967
0.0181233
0.0251892
0.0328389
0.0411208
0.050087
0.0597941
0.0703032
0.0816808
0.0939984
0.107334
0.121771
0.137401
0.154323
0.172643
0.192476
0.213948
0.237194
0.26236
0.289605
0.319102
0.351034
0.385604
0.42303
0.463546
-0.0198504
-0.0154623
-0.0107116
-0.0055683
6.72843e-20
0.00602843
0.012555
0.0196209
0.0272706
0.0355525
0.0445187
0.0542258
0.0647349
0.0761125
0.0884301
0.101766
0.116203
0.131833
0.148755
0.167074
0.186908
0.20838
0.231625
0.256792
0.284037
0.313533
0.345466
0.380036
0.417461
0.457978
-0.0258789
-0.0214907
-0.01674
-0.0115967
-0.00602843
0
0.00652657
0.0135925
0.0212422
0.0295241
0.0384903
0.0481973
0.0587065
0.070084
0.0824017
0.0957371
0.110174
0.125805
0.142726
0.161046
0.180879
0.202351
0.225597
0.250763
0.278009
0.307505
0.339437
0.374007
0.411433
0.451949
-0.0324054
-0.0280173
-0.0232666
-0.0181233
-0.012555
-0.00652657
-9.92228e-20
0.00706588
0.0147156
0.0229975
0.0319637
0.0416708
0.0521799
0.0635575
0.0758751
0.0892105
0.103648
0.119278
0.1362
0.154519
0.174353
0.195824
0.21907
0.244237
0.271482
0.300978
0.33291
0.36748
0.404906
0.445422
-0.0394713
-0.0350832
-0.0303325
-0.0251892
-0.0196209
-0.0135925
-0.00706588
-8.52764e-20
0.00764975
0.0159316
0.0248978
0.0346049
0.045114
0.0564916
0.0688092
0.0821446
0.0965819
0.112212
0.129134
0.147453
0.167287
0.188758
0.212004
0.237171
0.264416
0.293912
0.325844
0.360414
0.39784
0.438356
-0.0471211
-0.0427329
-0.0379822
-0.0328389
-0.0272706
-0.0212422
-0.0147156
-0.00764975
0
0.00828186
0.017248
0.0269551
0.0374643
0.0488418
0.0611595
0.0744949
0.0889321
0.104562
0.121484
0.139804
0.159637
0.181109
0.204355
0.229521
0.256766
0.286262
0.318194
0.352764
0.39019
0.430706
-0.0554029
-0.0510148
-0.0462641
-0.0411208
-0.0355525
-0.0295241
-0.0229975
-0.0159316
-0.00828186
0
0.00896619
0.0186733
0.0291824
0.04056
0.0528776
0.066213
0.0806503
0.0962804
0.113202
0.131522
0.151355
0.172827
0.196073
0.221239
0.248484
0.27798
0.309912
0.344482
0.381907
0.422423
-0.0643691
-0.059981
-0.0552303
-0.050087
-0.0445187
-0.0384903
-0.0319637
-0.0248978
-0.017248
-0.00896619
0
0.00970707
0.0202162
0.0315938
0.0439114
0.0572468
0.0716841
0.0873142
0.104236
0.122555
0.142389
0.163861
0.187106
0.212273
0.239518
0.269014
0.300946
0.335516
0.372941
0.413457
-0.0740762
-0.0696881
-0.0649374
-0.0597941
-0.0542258
-0.0481973
-0.0416708
-0.0346049
-0.0269551
-0.0186733
-0.00970707
1.87483e-19
0.0105092
0.0218867
0.0342043
0.0475397
0.061977
0.0776071
0.0945287
0.112848
0.132682
0.154153
0.177399
0.202565
0.229811
0.259306
0.291239
0.325808
0.363233
0.403749
-0.0845854
-0.0801973
-0.0754465
-0.0703032
-0.0647349
-0.0587065
-0.0521799
-0.045114
-0.0374643
-0.0291824
-0.0202162
-0.0105092
-1.6179e-19
0.0113775
0.0236952
0.0370306
0.0514678
0.0670979
0.0840195
0.102339
0.122172
0.143644
0.16689
0.192056
0.219301
0.248797
0.280729
0.315299
0.352724
0.39324
-0.0959629
-0.0915748
-0.0868241
-0.0816808
-0.0761125
-0.070084
-0.0635575
-0.0564916
-0.0488418
-0.04056
-0.0315938
-0.0218867
-0.0113775
-1.39772e-19
0.0123176
0.025653
0.0400903
0.0557204
0.072642
0.0909616
0.110795
0.132267
0.155512
0.180678
0.207924
0.237419
0.269352
0.303921
0.341346
0.381861
-0.108281
-0.103892
-0.0991417
-0.0939984
-0.0884301
-0.0824017
-0.0758751
-0.0688092
-0.0611595
-0.0528776
-0.0439114
-0.0342043
-0.0236952
-0.0123176
-1.20896e-19
0.0133354
0.0277726
0.0434028
0.0603243
0.078644
0.0984772
0.119949
0.143195
0.168361
0.195606
0.225102
0.257034
0.291603
0.329028
0.369543
-0.121616
-0.117228
-0.112477
-0.107334
-0.101766
-0.0957371
-0.0892105
-0.0821446
-0.0744949
-0.066213
-0.0572468
-0.0475397
-0.0370306
-0.025653
-0.0133354
0
0.0144372
0.0300674
0.0469889
0.0653085
0.0851417
0.106614
0.129859
0.155025
0.18227
0.211766
0.243698
0.278268
0.315692
0.356207
-0.136053
-0.131665
-0.126914
-0.121771
-0.116203
-0.110174
-0.103648
-0.0965819
-0.0889321
-0.0806503
-0.0716841
-0.061977
-0.0514678
-0.0400903
-0.0277726
-0.0144372
-3.63313e-19
0.0156301
0.0325517
0.0508713
0.0707045
0.0921762
0.115422
0.140588
0.167833
0.197329
0.229261
0.26383
0.301254
0.34177
-0.151683
-0.147295
-0.142545
-0.137401
-0.131833
-0.125805
-0.119278
-0.112212
-0.104562
-0.0962804
-0.0873142
-0.0776071
-0.0670979
-0.0557204
-0.0434028
-0.0300674
-0.0156301
1.57839e-19
0.0169215
0.0352412
0.0550743
0.0765461
0.0997917
0.124958
0.152203
0.181698
0.21363
0.2482
0.285624
0.326139
-0.168605
-0.164217
-0.159466
-0.154323
-0.148755
-0.142726
-0.1362
-0.129134
-0.121484
-0.113202
-0.104236
-0.0945287
-0.0840195
-0.072642
-0.0603243
-0.0469889
-0.0325517
-0.0169215
2.74808e-19
0.0183196
0.0381528
0.0596245
0.0828702
0.108036
0.135281
0.164777
0.196708
0.231278
0.268702
0.309217
-0.186925
-0.182537
-0.177786
-0.172643
-0.167074
-0.161046
-0.154519
-0.147453
-0.139804
-0.131522
-0.122555
-0.112848
-0.102339
-0.0909616
-0.078644
-0.0653085
-0.0508713
-0.0352412
-0.0183196
4.79481e-19
0.0198332
0.0413049
0.0645505
0.0897165
0.116961
0.146457
0.178389
0.212958
0.250382
0.290896
-0.206758
-0.20237
-0.197619
-0.192476
-0.186908
-0.180879
-0.174353
-0.167287
-0.159637
-0.151355
-0.142389
-0.132682
-0.122172
-0.110795
-0.0984772
-0.0851417
-0.0707045
-0.0550743
-0.0381528
-0.0198332
0
0.0214717
0.0447173
0.0698833
0.0971282
0.126624
0.158555
0.193124
0.230548
0.271063
-0.22823
-0.223842
-0.219091
-0.213948
-0.20838
-0.202351
-0.195824
-0.188758
-0.181109
-0.172827
-0.163861
-0.154153
-0.143644
-0.132267
-0.119949
-0.106614
-0.0921762
-0.0765461
-0.0596245
-0.0413049
-0.0214717
0
0.0232456
0.0484115
0.0756564
0.105152
0.137083
0.171652
0.209076
0.24959
-0.251476
-0.247088
-0.242337
-0.237194
-0.231625
-0.225597
-0.21907
-0.212004
-0.204355
-0.196073
-0.187106
-0.177399
-0.16689
-0.155512
-0.143195
-0.129859
-0.115422
-0.0997917
-0.0828702
-0.0645505
-0.0447173
-0.0232456
0
0.0251659
0.0524108
0.0819061
0.113838
0.148407
0.18583
0.226344
-0.276642
-0.272254
-0.267503
-0.26236
-0.256792
-0.250763
-0.244237
-0.237171
-0.229521
-0.221239
-0.212273
-0.202565
-0.192056
-0.180678
-0.168361
-0.155025
-0.140588
-0.124958
-0.108036
-0.0897165
-0.0698833
-0.0484115
-0.0251659
0
0.0272448
0.0567401
0.0886716
0.12324
0.160664
0.201178
-0.303888
-0.2995
-0.294749
-0.289605
-0.284037
-0.278009
-0.271482
-0.264416
-0.256766
-0.248484
-0.239518
-0.229811
-0.219301
-0.207924
-0.195606
-0.18227
-0.167833
-0.152203
-0.135281
-0.116961
-0.0971282
-0.0756564
-0.0524108
-0.0272448
0
0.0294953
0.0614268
0.0959954
0.133419
0.173932
-0.333384
-0.328996
-0.324245
-0.319102
-0.313533
-0.307505
-0.300978
-0.293912
-0.286262
-0.27798
-0.269014
-0.259306
-0.248797
-0.237419
-0.225102
-0.211766
-0.197329
-0.181698
-0.164777
-0.146457
-0.126624
-0.105152
-0.0819061
-0.0567401
-0.0294953
-4.511e-19
0.0319314
0.0665001
0.103923
0.144437
-0.365317
-0.360928
-0.356178
-0.351034
-0.345466
-0.339437
-0.33291
-0.325844
-0.318194
-0.309912
-0.300946
-0.291239
-0.280729
-0.269352
-0.257034
-0.243698
-0.229261
-0.21363
-0.196708
-0.178389
-0.158555
-0.137083
-0.113838
-0.0886716
-0.0614268
-0.0319314
8.08464e-19
0.0345686
0.0719918
0.112505
-0.399887
-0.395499
-0.390748
-0.385604
-0.380036
-0.374007
-0.36748
-0.360414
-0.352764
-0.344482
-0.335516
-0.325808
-0.315299
-0.303921
-0.291603
-0.278268
-0.26383
-0.2482
-0.231278
-0.212958
-0.193124
-0.171652
-0.148407
-0.12324
-0.0959954
-0.0665001
-0.0345686
3.6475e-19
0.0374231
0.0779361
-0.437313
-0.432924
-0.428173
-0.42303
-0.417461
-0.411433
-0.404906
-0.39784
-0.39019
-0.381907
-0.372941
-0.363233
-0.352724
-0.341346
-0.329028
-0.315692
-0.301254
-0.285624
-0.268702
-0.250382
-0.230548
-0.209076
-0.18583
-0.160664
-0.133419
-0.103923
-0.0719918
-0.0374231
0
0.0405129
-0.477829
-0.473441
-0.46869
-0.463546
-0.457978
-0.451949
-0.445422
-0.438356
-0.430706
-0.422423
-0.413457
-0.403749
-0.39324
-0.381861
-0.369543
-0.356207
-0.34177
-0.326139
-0.309217
-0.290896
-0.271063
-0.24959
-0.226344
-0.201178
-0.173932
-0.144437
-0.112505
-0.0779361
-0.0405129
0
-0.530957
-0.52646
-0.521586
-0.516304
-0.510578
-0.504372
-0.497645
-0.49035
-0.482442
-0.473865
-0.464564
-0.454476
-0.443534
-0.431663
-0.418783
-0.404807
-0.38964
-0.373179
-0.355312
-0.335918
-0.314864
-0.292008
-0.267196
-0.240261
-0.211025
-0.179296
-0.144871
-0.107535
-0.0670605
-0.0232169
-0.593418
-0.588718
-0.583614
-0.578072
-0.572051
-0.56551
-0.558401
-0.550673
-0.54227
-0.533131
-0.523188
-0.512368
-0.50059
-0.487765
-0.473796
-0.458577
-0.44199
-0.423911
-0.404198
-0.3827
-0.359254
-0.33368
-0.305786
-0.275365
-0.242197
-0.206048
-0.166675
-0.123829
-0.0772567
-0.0267159
-0.655896
-0.650993
-0.645659
-0.639856
-0.63354
-0.626662
-0.619172
-0.61101
-0.602113
-0.59241
-0.581826
-0.570273
-0.557659
-0.543879
-0.52882
-0.512357
-0.494351
-0.474652
-0.453092
-0.429492
-0.403652
-0.37536
-0.344384
-0.310476
-0.273375
-0.232805
-0.188484
-0.140126
-0.0874551
-0.0302157
-0.718387
-0.713279
-0.707716
-0.701651
-0.695039
-0.687826
-0.679953
-0.671357
-0.661965
-0.6517
-0.640472
-0.628187
-0.614736
-0.600002
-0.583853
-0.566145
-0.54672
-0.5254
-0.501994
-0.476289
-0.448057
-0.417046
-0.382987
-0.345592
-0.304557
-0.259566
-0.210295
-0.156426
-0.097655
-0.033716
0.0232169
0.0670605
0.107535
0.144871
0.179296
0.211025
0.240261
0.267196
0.292008
0.314864
0.335918
0.355312
0.373179
0.38964
0.404807
0.418783
0.431663
0.443534
0.454476
0.464564
0.473865
0.482442
0.49035
0.497645
0.504372
0.510578
0.516304
0.521586
0.52646
0.530957
0.0267159
0.0772567
0.123829
0.166675
0.206048
0.242197
0.275365
0.305786
0.33368
0.359254
0.3827
0.404198
0.423911
0.44199
0.458577
0.473796
0.487765
0.50059
0.512368
0.523188
0.533131
0.54227
0.550673
0.558401
0.56551
0.572051
0.578072
0.583614
0.588718
0.593418
0.0302157
0.0874551
0.140126
0.188484
0.232805
0.273375
0.310476
0.344384
0.37536
0.403652
0.429492
0.453092
0.474652
0.494351
0.512357
0.52882
0.543879
0.557659
0.570273
0.581826
0.59241
0.602113
0.61101
0.619172
0.626662
0.63354
0.639856
0.645659
0.650993
0.655896
0.033716
0.097655
0.156426
0.210295
0.259566
0.304557
0.345592
0.382987
0.417046
0.448057
0.476289
0.501994
0.5254
0.54672
0.566145
0.583853
0.600002
0.614736
0.628187
0.640472
0.6517
0.661965
0.671357
0.679953
0.687826
0.695039
0.701651
0.707716
0.713279
0.718387
