0.00420822	-6.22356e-20
0.00858711	0.00438812
0.0133278	0.00913884
0.0184603	0.0142821
0.0240169	0.0198504
0.0300327	0.0258789
0.0365455	0.0324054
0.0435965	0.0394713
0.0512302	0.0471211
0.0594947	0.0554029
0.068442	0.0643691
0.0781287	0.0740762
0.0886158	0.0845854
0.0999694	0.0959629
0.112261	0.108281
0.125569	0.121616
0.139975	0.136053
0.155573	0.151683
0.172459	0.168605
0.19074	0.186925
0.210532	0.206758
0.231958	0.22823
0.255156	0.251476
0.280269	0.276642
0.307457	0.303888
0.336891	0.333384
0.368757	0.365317
0.403254	0.399887
0.440601	0.437313
0.481033	0.477829
0.00858711	-0.00438812
0.0129468	-5.33314e-20
0.0176667	0.00475072
0.0227767	0.00989402
0.0283089	0.0154623
0.0342982	0.0214907
0.0407825	0.0280173
0.0478026	0.0350832
0.0554028	0.0427329
0.063631	0.0510148
0.072539	0.059981
0.0821832	0.0696881
0.0926243	0.0801973
0.103928	0.0915748
0.116166	0.103892
0.129415	0.117228
0.143759	0.131665
0.159288	0.147295
0.176099	0.164217
0.1943	0.182537
0.214005	0.20237
0.235338	0.223842
0.258433	0.247088
0.283437	0.272254
0.310505	0.2995
0.33981	0.328996
0.371536	0.360928
0.405882	0.395499
0.443065	0.432924
0.483319	0.473441
0.0133278	-0.00913884
0.0176667	-0.00475072
0.0223641	9.14376e-20
0.0274497	0.00514329
0.0329555	0.0107116
0.0389163	0.01674
0.0453696	0.0232666
0.0523562	0.0303325
0.0599201	0.0379822
0.0681091	0.0462641
0.0769746	0.0552303
0.0865728	0.0649374
0.096964	0.0754465
0.108214	0.0868241
0.120393	0.0991417
0.133579	0.112477
0.147854	0.126914
0.163309	0.142545
0.180041	0.159466
0.198155	0.177786
0.217766	0.197619
0.238997	0.219091
0.261982	0.242337
0.286866	0.267503
0.313805	0.294749
0.342971	0.324245
0.374545	0.356178
0.408727	0.390748
0.445733	0.428173
0.485795	0.46869
0.0184603	-0.0142821
0.0227767	-0.00989402
0.0274497	-0.00514329
0.0325089	1.56837e-19
0.0379861	0.0055683
0.043916	0.0115967
0.0503358	0.0181233
0.0572861	0.0251892
0.0648108	0.0328389
0.0729572	0.0411208
0.0817768	0.050087
0.0913251	0.0597941
0.101662	0.0703032
0.112854	0.0816808
0.12497	0.0939984
0.138087	0.107334
0.152289	0.121771
0.167663	0.137401
0.184308	0.154323
0.202328	0.172643
0.221837	0.192476
0.242958	0.213948
0.265824	0.237194
0.290578	0.26236
0.317378	0.289605
0.346392	0.319102
0.377802	0.351034
0.411807	0.385604
0.448621	0.42303
0.488474	0.463546
0.0240169	-0.0198504
0.0283089	-0.0154623
0.0329555	-0.0107116
0.0379861	-0.0055683
0.0434324	6.72843e-20
0.0493288	0.00602843
0.0557124	0.012555
0.0626234	0.0196209
0.0701056	0.0272706
0.078206	0.0355525
0.0869757	0.0445187
0.0964701	0.0542258
0.106749	0.0647349
0.117877	0.0761125
0.129925	0.0884301
0.142968	0.101766
0.157089	0.116203
0.172377	0.131833
0.188928	0.148755
0.206846	0.167074
0.226245	0.186908
0.247246	0.20838
0.269983	0.231625
0.294598	0.256792
0.321246	0.284037
0.350096	0.313533
0.381329	0.345466
0.415142	0.380036
0.451747	0.417461
0.491376	0.457978
0.0300327	-0.0258789
0.0342982	-0.0214907
0.0389163	-0.01674
0.043916	-0.0115967
0.0493288	-0.00602843
0.0551889	0
0.0615332	0.00652657
0.0684017	0.0135925
0.0758379	0.0212422
0.0838884	0.0295241
0.0926043	0.0384903
0.10204	0.0481973
0.112256	0.0587065
0.123316	0.070084
0.135289	0.0824017
0.148252	0.0957371
0.162287	0.110174
0.17748	0.125805
0.193929	0.142726
0.211737	0.161046
0.231017	0.180879
0.251889	0.202351
0.274486	0.225597
0.298949	0.250763
0.325434	0.278009
0.354106	0.307505
0.385147	0.339437
0.418752	0.374007
0.455132	0.411433
0.494517	0.451949
0.0365455	-0.0324054
0.0407825	-0.0280173
0.0453696	-0.0232666
0.0503358	-0.0181233
0.0557124	-0.012555
0.0615332	-0.00652657
0.067835	-9.92228e-20
0.0746575	0.00706588
0.0820438	0.0147156
0.0900405	0.0229975
0.0986979	0.0319637
0.108071	0.0416708
0.118218	0.0521799
0.129204	0.0635575
0.141097	0.0758751
0.153973	0.0892105
0.167913	0.103648
0.183005	0.119278
0.199344	0.1362
0.217033	0.154519
0.236183	0.174353
0.256916	0.195824
0.279361	0.21907
0.303661	0.244237
0.329968	0.271482
0.358448	0.300978
0.389281	0.33291
0.42266	0.36748
0.458797	0.404906
0.497918	0.445422
0.0435965	-0.0394713
0.0478026	-0.0350832
0.0523562	-0.0303325
0.0572861	-0.0251892
0.0626234	-0.0196209
0.0684017	-0.0135925
0.0746575	-0.00706588
0.0814303	-8.52764e-20
0.0887626	0.00764975
0.0967009	0.0159316
0.105295	0.0248978
0.114599	0.0346049
0.124673	0.045114
0.135578	0.0564916
0.147385	0.0688092
0.160167	0.0821446
0.174005	0.0965819
0.188987	0.112212
0.205206	0.129134
0.222766	0.147453
0.241776	0.167287
0.262357	0.188758
0.284639	0.212004
0.308761	0.237171
0.334876	0.264416
0.363148	0.293912
0.393756	0.325844
0.426892	0.360414
0.462764	0.39784
0.501599	0.438356
0.0512302	-0.0471211
0.0554028	-0.0427329
0.0599201	-0.0379822
0.0648108	-0.0328389
0.0701056	-0.0272706
0.0758379	-0.0212422
0.0820438	-0.0147156
0.0887626	-0.00764975
0.0960366	0
0.103912	0.00828186
0.112437	0.017248
0.121668	0.0269551
0.131661	0.0374643
0.142479	0.0488418
0.154192	0.0611595
0.166872	0.0744949
0.1806	0.0889321
0.195463	0.104562
0.211553	0.121484
0.228973	0.139804
0.247832	0.159637
0.268249	0.181109
0.290353	0.204355
0.314283	0.229521
0.34019	0.256766
0.368237	0.286262
0.398601	0.318194
0.431473	0.352764
0.467059	0.39019
0.505585	0.430706
0.0594947	-0.0554029
0.063631	-0.0510148
0.0681091	-0.0462641
0.0729572	-0.0411208
0.078206	-0.0355525
0.0838884	-0.0295241
0.0900405	-0.0229975
0.0967009	-0.0159316
0.103912	-0.00828186
0.111718	0
0.12017	0.00896619
0.12932	0.0186733
0.139226	0.0291824
0.149951	0.04056
0.161561	0.0528776
0.174132	0.066213
0.18774	0.0806503
0.202474	0.0962804
0.218424	0.113202
0.235692	0.131522
0.254388	0.151355
0.274627	0.172827
0.296539	0.196073
0.320261	0.221239
0.345943	0.248484
0.373746	0.27798
0.403846	0.309912
0.436432	0.344482
0.47171	0.381907
0.509901	0.422423
0.068442	-0.0643691
0.072539	-0.059981
0.0769746	-0.0552303
0.0817768	-0.050087
0.0869757	-0.0445187
0.0926043	-0.0384903
0.0986979	-0.0319637
0.105295	-0.0248978
0.112437	-0.017248
0.12017	-0.00896619
0.128541	0
0.137605	0.00970707
0.147417	0.0202162
0.158039	0.0315938
0.16954	0.0439114
0.181991	0.0572468
0.19547	0.0716841
0.210064	0.0873142
0.225863	0.104236
0.242967	0.122555
0.261485	0.142389
0.281533	0.163861
0.303236	0.187106
0.326733	0.212273
0.352171	0.239518
0.379711	0.269014
0.409525	0.300946
0.441801	0.335516
0.476744	0.372941
0.514572	0.413457
0.0781287	-0.0740762
0.0821832	-0.0696881
0.0865728	-0.0649374
0.0913251	-0.0597941
0.0964701	-0.0542258
0.10204	-0.0481973
0.108071	-0.0416708
0.114599	-0.0346049
0.121668	-0.0269551
0.12932	-0.0186733
0.137605	-0.00970707
0.146574	1.87483e-19
0.156284	0.0105092
0.166797	0.0218867
0.178178	0.0342043
0.190499	0.0475397
0.203839	0.061977
0.218281	0.0776071
0.233916	0.0945287
0.250843	0.112848
0.269169	0.132682
0.289008	0.154153
0.310487	0.177399
0.33374	0.202565
0.358914	0.229811
0.386168	0.259306
0.415673	0.291239
0.447614	0.325808
0.482194	0.363233
0.51963	0.403749
0.0886158	-0.0845854
0.0926243	-0.0801973
0.096964	-0.0754465
0.101662	-0.0703032
0.106749	-0.0647349
0.112256	-0.0587065
0.118218	-0.0521799
0.124673	-0.045114
0.131661	-0.0374643
0.139226	-0.0291824
0.147417	-0.0202162
0.156284	-0.0105092
0.165884	-1.6179e-19
0.176277	0.0113775
0.187529	0.0236952
0.199711	0.0370306
0.2129	0.0514678
0.227178	0.0670979
0.242635	0.0840195
0.25937	0.102339
0.277488	0.122172
0.297102	0.143644
0.318337	0.16689
0.341326	0.192056
0.366214	0.219301
0.393159	0.248797
0.422329	0.280729
0.453908	0.315299
0.488095	0.352724
0.525106	0.39324
0.0999694	-0.0959629
0.103928	-0.0915748
0.108214	-0.0868241
0.112854	-0.0816808
0.117877	-0.0761125
0.123316	-0.070084
0.129204	-0.0635575
0.135578	-0.0564916
0.142479	-0.0488418
0.149951	-0.04056
0.158039	-0.0315938
0.166797	-0.0218867
0.176277	-0.0113775
0.186541	-1.39772e-19
0.197654	0.0123176
0.209684	0.025653
0.222709	0.0400903
0.236809	0.0557204
0.252075	0.072642
0.268602	0.0909616
0.286494	0.110795
0.305865	0.132267
0.326835	0.155512
0.349539	0.180678
0.374118	0.207924
0.400727	0.237419
0.429534	0.269352
0.460721	0.303921
0.494484	0.341346
0.531034	0.381861
0.112261	-0.108281
0.116166	-0.103892
0.120393	-0.0991417
0.12497	-0.0939984
0.129925	-0.0884301
0.135289	-0.0824017
0.141097	-0.0758751
0.147385	-0.0688092
0.154192	-0.0611595
0.161561	-0.0528776
0.16954	-0.0439114
0.178178	-0.0342043
0.187529	-0.0236952
0.197654	-0.0123176
0.208615	-1.20896e-19
0.220481	0.0133354
0.233328	0.0277726
0.247236	0.0434028
0.262294	0.0603243
0.278596	0.078644
0.296244	0.0984772
0.315351	0.119949
0.336036	0.143195
0.35843	0.168361
0.382674	0.195606
0.408921	0.225102
0.437336	0.257034
0.468097	0.291603
0.5014	0.329028
0.537452	0.369543
0.125569	-0.121616
0.129415	-0.117228
0.133579	-0.112477
0.138087	-0.107334
0.142968	-0.101766
0.148252	-0.0957371
0.153973	-0.0892105
0.160167	-0.0821446
0.166872	-0.0744949
0.174132	-0.066213
0.181991	-0.0572468
0.190499	-0.0475397
0.199711	-0.0370306
0.209684	-0.025653
0.220481	-0.0133354
0.23217	0
0.244825	0.0144372
0.258525	0.0300674
0.273358	0.0469889
0.289416	0.0653085
0.3068	0.0851417
0.325621	0.106614
0.345997	0.129859
0.368056	0.155025
0.391938	0.18227
0.417792	0.211766
0.445782	0.243698
0.476083	0.278268
0.508887	0.315692
0.544401	0.356207
0.139975	-0.136053
0.143759	-0.131665
0.147854	-0.126914
0.152289	-0.121771
0.157089	-0.116203
0.162287	-0.110174
0.167913	-0.103648
0.174005	-0.0965819
0.1806	-0.0889321
0.18774	-0.0806503
0.19547	-0.0716841
0.203839	-0.061977
0.2129	-0.0514678
0.222709	-0.0400903
0.233328	-0.0277726
0.244825	-0.0144372
0.257272	-3.63313e-19
0.270747	0.0156301
0.285336	0.0325517
0.30113	0.0508713
0.318229	0.0707045
0.33674	0.0921762
0.356781	0.115422
0.378478	0.140588
0.401966	0.167833
0.427396	0.197329
0.454925	0.229261
0.484729	0.26383
0.516994	0.301254
0.551923	0.34177
0.155573	-0.151683
0.159288	-0.147295
0.163309	-0.142545
0.167663	-0.137401
0.172377	-0.131833
0.17748	-0.125805
0.183005	-0.119278
0.188987	-0.112212
0.195463	-0.104562
0.202474	-0.0962804
0.210064	-0.0873142
0.218281	-0.0776071
0.227178	-0.0670979
0.236809	-0.0557204
0.247236	-0.0434028
0.258525	-0.0300674
0.270747	-0.0156301
0.283978	1.57839e-19
0.298303	0.0169215
0.313811	0.0352412
0.330601	0.0550743
0.348778	0.0765461
0.368456	0.0997917
0.38976	0.124958
0.412824	0.152203
0.437793	0.181698
0.464824	0.21363
0.494089	0.2482
0.52577	0.285624
0.560067	0.326139
0.172459	-0.168605
0.176099	-0.164217
0.180041	-0.159466
0.184308	-0.154323
0.188928	-0.148755
0.193929	-0.142726
0.199344	-0.1362
0.205206	-0.129134
0.211553	-0.121484
0.218424	-0.113202
0.225863	-0.104236
0.233916	-0.0945287
0.242635	-0.0840195
0.252075	-0.072642
0.262294	-0.0603243
0.273358	-0.0469889
0.285336	-0.0325517
0.298303	-0.0169215
0.312342	2.74808e-19
0.327541	0.0183196
0.343996	0.0381528
0.36181	0.0596245
0.381095	0.0828702
0.401974	0.108036
0.424578	0.135281
0.449049	0.164777
0.475541	0.196708
0.504222	0.231278
0.535271	0.268702
0.568884	0.309217
0.19074	-0.186925
0.1943	-0.182537
0.198155	-0.177786
0.202328	-0.172643
0.206846	-0.167074
0.211737	-0.161046
0.217033	-0.154519
0.222766	-0.147453
0.228973	-0.139804
0.235692	-0.131522
0.242967	-0.122555
0.250843	-0.112848
0.25937	-0.102339
0.268602	-0.0909616
0.278596	-0.078644
0.289416	-0.0653085
0.30113	-0.0508713
0.313811	-0.0352412
0.327541	-0.0183196
0.342405	4.79481e-19
0.358497	0.0198332
0.375919	0.0413049
0.394779	0.0645505
0.415198	0.0897165
0.437304	0.116961
0.461236	0.146457
0.487144	0.178389
0.515192	0.212958
0.545557	0.250382
0.578429	0.290896
0.210532	-0.206758
0.214005	-0.20237
0.217766	-0.197619
0.221837	-0.192476
0.226245	-0.186908
0.231017	-0.180879
0.236183	-0.174353
0.241776	-0.167287
0.247832	-0.159637
0.254388	-0.151355
0.261485	-0.142389
0.269169	-0.132682
0.277488	-0.122172
0.286494	-0.110795
0.296244	-0.0984772
0.3068	-0.0851417
0.318229	-0.0707045
0.330601	-0.0550743
0.343996	-0.0381528
0.358497	-0.0198332
0.374196	0
0.391193	0.0214717
0.409594	0.0447173
0.429514	0.0698833
0.451081	0.0971282
0.474429	0.126624
0.499705	0.158555
0.527069	0.193124
0.556693	0.230548
0.588763	0.271063
0.231958	-0.22823
0.235338	-0.223842
0.238997	-0.219091
0.242958	-0.213948
0.247246	-0.20838
0.251889	-0.202351
0.256916	-0.195824
0.262357	-0.188758
0.268249	-0.181109
0.274627	-0.172827
0.281533	-0.163861
0.289008	-0.154153
0.297102	-0.143644
0.305865	-0.132267
0.315351	-0.119949
0.325621	-0.106614
0.33674	-0.0921762
0.348778	-0.0765461
0.36181	-0.0596245
0.375919	-0.0413049
0.391193	-0.0214717
0.407729	0
0.425632	0.0232456
0.445013	0.0484115
0.465996	0.0756564
0.488712	0.105152
0.513304	0.137083
0.539927	0.171652
0.568749	0.209076
0.599951	0.24959
0.255156	-0.251476
0.258433	-0.247088
0.261982	-0.242337
0.265824	-0.237194
0.269983	-0.231625
0.274486	-0.225597
0.279361	-0.21907
0.284639	-0.212004
0.290353	-0.204355
0.296539	-0.196073
0.303236	-0.187106
0.310487	-0.177399
0.318337	-0.16689
0.326835	-0.155512
0.336036	-0.143195
0.345997	-0.129859
0.356781	-0.115422
0.368456	-0.0997917
0.381095	-0.0828702
0.394779	-0.0645505
0.409594	-0.0447173
0.425632	-0.0232456
0.442995	0
0.461793	0.0251659
0.482143	0.0524108
0.504175	0.0819061
0.528026	0.113838
0.553847	0.148407
0.581801	0.18583
0.612063	0.226344
0.280269	-0.276642
0.283437	-0.272254
0.286866	-0.267503
0.290578	-0.26236
0.294598	-0.256792
0.298949	-0.250763
0.303661	-0.244237
0.308761	-0.237171
0.314283	-0.229521
0.320261	-0.221239
0.326733	-0.212273
0.33374	-0.202565
0.341326	-0.192056
0.349539	-0.180678
0.35843	-0.168361
0.368056	-0.155025
0.378478	-0.140588
0.38976	-0.124958
0.401974	-0.108036
0.415198	-0.0897165
0.429514	-0.0698833
0.445013	-0.0484115
0.461793	-0.0251659
0.479958	0
0.499625	0.0272448
0.520915	0.0567401
0.543965	0.0886716
0.568917	0.12324
0.595931	0.160664
0.625175	0.201178
0.307457	-0.303888
0.310505	-0.2995
0.313805	-0.294749
0.317378	-0.289605
0.321246	-0.284037
0.325434	-0.278009
0.329968	-0.271482
0.334876	-0.264416
0.34019	-0.256766
0.345943	-0.248484
0.352171	-0.239518
0.358914	-0.229811
0.366214	-0.219301
0.374118	-0.207924
0.382674	-0.195606
0.391938	-0.18227
0.401966	-0.167833
0.412824	-0.152203
0.424578	-0.135281
0.437304	-0.116961
0.451081	-0.0971282
0.465996	-0.0756564
0.482143	-0.0524108
0.499625	-0.0272448
0.51855	0
0.539039	0.0294953
0.56122	0.0614268
0.585232	0.0959954
0.611228	0.133419
0.639371	0.173932
0.336891	-0.333384
0.33981	-0.328996
0.342971	-0.324245
0.346392	-0.319102
0.350096	-0.313533
0.354106	-0.307505
0.358448	-0.300978
0.363148	-0.293912
0.368237	-0.286262
0.373746	-0.27798
0.379711	-0.269014
0.386168	-0.259306
0.393159	-0.248797
0.400727	-0.237419
0.408921	-0.225102
0.417792	-0.211766
0.427396	-0.197329
0.437793	-0.181698
0.449049	-0.164777
0.461236	-0.146457
0.474429	-0.126624
0.488712	-0.105152
0.504175	-0.0819061
0.520915	-0.0567401
0.539039	-0.0294953
0.558659	-4.511e-19
0.5799	0.0319314
0.602895	0.0665001
0.627789	0.103923
0.654739	0.144437
0.368757	-0.365317
0.371536	-0.360928
0.374545	-0.356178
0.377802	-0.351034
0.381329	-0.345466
0.385147	-0.339437
0.389281	-0.33291
0.393756	-0.325844
0.398601	-0.318194
0.403846	-0.309912
0.409525	-0.300946
0.415673	-0.291239
0.422329	-0.280729
0.429534	-0.269352
0.437336	-0.257034
0.445782	-0.243698
0.454925	-0.229261
0.464824	-0.21363
0.475541	-0.196708
0.487144	-0.178389
0.499705	-0.158555
0.513304	-0.137083
0.528026	-0.113838
0.543965	-0.0886716
0.56122	-0.0614268
0.5799	-0.0319314
0.600123	8.08464e-19
0.622016	0.0345686
0.645718	0.0719918
0.671376	0.112505
0.403254	-0.399887
0.405882	-0.395499
0.408727	-0.390748
0.411807	-0.385604
0.415142	-0.380036
0.418752	-0.374007
0.42266	-0.36748
0.426892	-0.360414
0.431473	-0.352764
0.436432	-0.344482
0.441801	-0.335516
0.447614	-0.325808
0.453908	-0.315299
0.460721	-0.303921
0.468097	-0.291603
0.476083	-0.278268
0.484729	-0.26383
0.494089	-0.2482
0.504222	-0.231278
0.515192	-0.212958
0.527069	-0.193124
0.539927	-0.171652
0.553847	-0.148407
0.568917	-0.12324
0.585232	-0.0959954
0.602895	-0.0665001
0.622016	-0.0345686
0.642717	3.6475e-19
0.665127	0.0374231
0.689387	0.0779361
0.440601	-0.437313
0.443065	-0.432924
0.445733	-0.428173
0.448621	-0.42303
0.451747	-0.417461
0.455132	-0.411433
0.458797	-0.404906
0.462764	-0.39784
0.467059	-0.39019
0.47171	-0.381907
0.476744	-0.372941
0.482194	-0.363233
0.488095	-0.352724
0.494484	-0.341346
0.5014	-0.329028
0.508887	-0.315692
0.516994	-0.301254
0.52577	-0.285624
0.535271	-0.268702
0.545557	-0.250382
0.556693	-0.230548
0.568749	-0.209076
0.581801	-0.18583
0.595931	-0.160664
0.611228	-0.133419
0.627789	-0.103923
0.645718	-0.0719918
0.665127	-0.0374231
0.686139	0
0.708885	0.0405129
0.481033	-0.477829
0.483319	-0.473441
0.485795	-0.46869
0.488474	-0.463546
0.491376	-0.457978
0.494517	-0.451949
0.497918	-0.445422
0.501599	-0.438356
0.505585	-0.430706
0.509901	-0.422423
0.514572	-0.413457
0.51963	-0.403749
0.525106	-0.39324
0.531034	-0.381861
0.537452	-0.369543
0.544401	-0.356207
0.551923	-0.34177
0.560067	-0.326139
0.568884	-0.309217
0.578429	-0.290896
0.588763	-0.271063
0.599951	-0.24959
0.612063	-0.226344
0.625175	-0.201178
0.639371	-0.173932
0.654739	-0.144437
0.671376	-0.112505
0.689387	-0.0779361
0.708885	-0.0405129
0.729994	0
0.534351	-0.530957
0.536917	-0.52646
0.539689	-0.521586
0.542685	-0.516304
0.545921	-0.510578
0.549416	-0.504372
0.553189	-0.497644
0.557263	-0.49035
0.561659	-0.482441
0.566403	-0.473865
0.571518	-0.464564
0.577033	-0.454476
0.582976	-0.443534
0.589378	-0.431662
0.59627	-0.418783
0.603685	-0.404807
0.611658	-0.38964
0.620224	-0.373179
0.629421	-0.355312
0.639284	-0.335918
0.649853	-0.314864
0.661163	-0.292008
0.673252	-0.267196
0.686153	-0.240261
0.699899	-0.211025
0.714517	-0.179296
0.730029	-0.144871
0.746452	-0.107534
0.763791	-0.0670605
0.782043	-0.0232169
0.597263	-0.593418
0.600564	-0.588717
0.604122	-0.583614
0.607956	-0.578071
0.612085	-0.572051
0.616531	-0.565509
0.621314	-0.5584
0.626457	-0.550673
0.631984	-0.54227
0.637918	-0.533131
0.644284	-0.523188
0.651107	-0.512368
0.658411	-0.50059
0.666221	-0.487765
0.674561	-0.473796
0.683452	-0.458576
0.692913	-0.44199
0.702962	-0.42391
0.713609	-0.404197
0.724859	-0.3827
0.73671	-0.359254
0.749148	-0.33368
0.762148	-0.305786
0.775666	-0.275365
0.789641	-0.242197
0.803985	-0.206048
0.818582	-0.166675
0.833279	-0.123828
0.847882	-0.0772566
0.862149	-0.0267159
0.660192	-0.655896
0.664227	-0.650992
0.668571	-0.645658
0.673243	-0.639855
0.678266	-0.633539
0.683663	-0.626662
0.689455	-0.619171
0.695668	-0.611009
0.702325	-0.602112
0.70945	-0.59241
0.717067	-0.581825
0.725197	-0.570272
0.733862	-0.557658
0.743081	-0.543878
0.752868	-0.52882
0.763235	-0.512356
0.774185	-0.494351
0.785715	-0.474651
0.797813	-0.453092
0.810449	-0.429491
0.823583	-0.403652
0.837149	-0.37536
0.85106	-0.344383
0.865196	-0.310476
0.8794	-0.273375
0.893471	-0.232805
0.907153	-0.188483
0.920124	-0.140126
0.931991	-0.087455
0.942271	-0.0302157
0.723133	-0.718386
0.727903	-0.713279
0.733032	-0.707715
0.738543	-0.701651
0.74446	-0.695038
0.750807	-0.687825
0.757609	-0.679953
0.764891	-0.671356
0.772678	-0.661965
0.780994	-0.651699
0.789861	-0.640471
0.799298	-0.628186
0.809324	-0.614735
0.819952	-0.600001
0.831187	-0.583852
0.843029	-0.566145
0.855468	-0.546719
0.868481	-0.525399
0.882028	-0.501993
0.896052	-0.476289
0.910468	-0.448056
0.925162	-0.417045
0.939985	-0.382986
0.954739	-0.345591
0.969173	-0.304557
0.982971	-0.259566
0.995737	-0.210295
1.00698	-0.156426
1.01611	-0.0976549
1.02241	-0.033716
0.782043	0.0232169
0.763791	0.0670605
0.746452	0.107534
0.730029	0.144871
0.714517	0.179296
0.699899	0.211025
0.686153	0.240261
0.673252	0.267196
0.661163	0.292008
0.649853	0.314864
0.639284	0.335918
0.629421	0.355312
0.620224	0.373179
0.611658	0.38964
0.603685	0.404807
0.59627	0.418783
0.589378	0.431662
0.582976	0.443534
0.577033	0.454476
0.571518	0.464564
0.566403	0.473865
0.561659	0.482441
0.557263	0.49035
0.553189	0.497644
0.549416	0.504372
0.545921	0.510578
0.542685	0.516304
0.539689	0.521586
0.536917	0.52646
0.534351	0.530957
0.862149	0.0267159
0.847882	0.0772566
0.833279	0.123828
0.818582	0.166675
0.803985	0.206048
0.789641	0.242197
0.775666	0.275365
0.762148	0.305786
0.749148	0.33368
0.73671	0.359254
0.724859	0.3827
0.713609	0.404197
0.702962	0.42391
0.692913	0.44199
0.683452	0.458576
0.674561	0.473796
0.666221	0.487765
0.658411	0.50059
0.651107	0.512368
0.644284	0.523188
0.637918	0.533131
0.631984	0.54227
0.626457	0.550673
0.621314	0.5584
0.616531	0.565509
0.612085	0.572051
0.607956	0.578071
0.604122	0.583614
0.600564	0.588717
0.597263	0.593418
0.942271	0.0302157
0.931991	0.087455
0.920124	0.140126
0.907153	0.188483
0.893471	0.232805
0.8794	0.273375
0.865196	0.310476
0.85106	0.344383
0.837149	0.37536
0.823583	0.403652
0.810449	0.429491
0.797813	0.453092
0.785715	0.474651
0.774185	0.494351
0.763235	0.512356
0.752868	0.52882
0.743081	0.543878
0.733862	0.557658
0.725197	0.570272
0.717067	0.581825
0.70945	0.59241
0.702325	0.602112
0.695668	0.611009
0.689455	0.619171
0.683663	0.626662
0.678266	0.633539
0.673243	0.639855
0.668571	0.645658
0.664227	0.650992
0.660192	0.655896
1.02241	0.033716
1.01611	0.0976549
1.00698	0.156426
0.995737	0.210295
0.982971	0.259566
0.969173	0.304557
0.954739	0.345591
0.939985	0.382986
0.925162	0.417045
0.910468	0.448056
0.896052	0.476289
0.882028	0.501993
0.868481	0.525399
0.855468	0.546719
0.843029	0.566145
0.831187	0.583852
0.819952	0.600001
0.809324	0.614735
0.799298	0.628186
0.789861	0.640471
0.780994	0.651699
0.772678	0.661965
0.764891	0.671356
0.757609	0.679953
0.750807	0.687825
0.74446	0.695038
0.738543	0.701651
0.733032	0.707715
0.727903	0.713279
0.723133	0.718386
6.22356e-20	0.00420822
-0.00438812	0.00858711
-0.00913884	0.0133278
-0.0142821	0.0184603
-0.0198504	0.0240169
-0.0258789	0.0300327
-0.0324054	0.0365455
-0.0394713	0.0435965
-0.0471211	0.0512302
-0.0554029	0.0594947
-0.0643691	0.068442
-0.0740762	0.0781287
-0.0845854	0.0886158
-0.0959629	0.0999694
-0.108281	0.112261
-0.121616	0.125569
-0.136053	0.139975
-0.151683	0.155573
-0.168605	0.172459
-0.186925	0.19074
-0.206758	0.210532
-0.22823	0.231958
-0.251476	0.255156
-0.276642	0.280269
-0.303888	0.307457
-0.333384	0.336891
-0.365317	0.368757
-0.399887	0.403254
-0.437313	0.440601
-0.477829	0.481033
0.00438812	0.00858711
5.33314e-20	0.0129468
-0.00475072	0.0176667
-0.00989402	0.0227767
-0.0154623	0.0283089
-0.0214907	0.0342982
-0.0280173	0.0407825
-0.0350832	0.0478026
-0.0427329	0.0554028
-0.0510148	0.063631
-0.059981	0.072539
-0.0696881	0.0821832
-0.0801973	0.0926243
-0.0915748	0.103928
-0.103892	0.116166
-0.117228	0.129415
-0.131665	0.143759
-0.147295	0.159288
-0.164217	0.176099
-0.182537	0.1943
-0.20237	0.214005
-0.223842	0.235338
-0.247088	0.258433
-0.272254	0.283437
-0.2995	0.310505
-0.328996	0.33981
-0.360928	0.371536
-0.395499	0.405882
-0.432924	0.443065
-0.473441	0.483319
0.00913884	0.0133278
0.00475072	0.0176667
-9.14376e-20	0.0223641
-0.00514329	0.0274497
-0.0107116	0.0329555
-0.01674	0.0389163
-0.0232666	0.0453696
-0.0303325	0.0523562
-0.0379822	0.0599201
-0.0462641	0.0681091
-0.0552303	0.0769746
-0.0649374	0.0865728
-0.0754465	0.096964
-0.0868241	0.108214
-0.0991417	0.120393
-0.112477	0.133579
-0.126914	0.147854
-0.142545	0.163309
-0.159466	0.180041
-0.177786	0.198155
-0.197619	0.217766
-0.219091	0.238997
-0.242337	0.261982
-0.267503	0.286866
-0.294749	0.313805
-0.324245	0.342971
-0.356178	0.374545
-0.390748	0.408727
-0.428173	0.445733
-0.46869	0.485795
0.0142821	0.0184603
0.00989402	0.0227767
0.00514329	0.0274497
-1.56837e-19	0.0325089
-0.0055683	0.0379861
-0.0115967	0.043916
-0.0181233	0.0503358
-0.0251892	0.0572861
-0.0328389	0.0648108
-0.0411208	0.0729572
-0.050087	0.0817768
-0.0597941	0.0913251
-0.0703032	0.101662
-0.0816808	0.112854
-0.0939984	0.12497
-0.107334	0.138087
-0.121771	0.152289
-0.137401	0.167663
-0.154323	0.184308
-0.172643	0.202328
-0.192476	0.221837
-0.213948	0.242958
-0.237194	0.265824
-0.26236	0.290578
-0.289605	0.317378
-0.319102	0.346392
-0.351034	0.377802
-0.385604	0.411807
-0.42303	0.448621
-0.463546	0.488474
0.0198504	0.0240169
0.0154623	0.0283089
0.0107116	0.0329555
0.0055683	0.0379861
-6.72843e-20	0.0434324
-0.00602843	0.0493288
-0.012555	0.0557124
-0.0196209	0.0626234
-0.0272706	0.0701056
-0.0355525	0.078206
-0.0445187	0.0869757
-0.0542258	0.0964701
-0.0647349	0.106749
-0.0761125	0.117877
-0.0884301	0.129925
-0.101766	0.142968
-0.116203	0.157089
-0.131833	0.172377
-0.148755	0.188928
-0.167074	0.206846
-0.186908	0.226245
-0.20838	0.247246
-0.231625	0.269983
-0.256792	0.294598
-0.284037	0.321246
-0.313533	0.350096
-0.345466	0.381329
-0.380036	0.415142
-0.417461	0.451747
-0.457978	0.491376
0.0258789	0.0300327
0.0214907	0.0342982
0.01674	0.0389163
0.0115967	0.043916
0.00602843	0.0493288
0	0.0551889
-0.00652657	0.0615332
-0.0135925	0.0684017
-0.0212422	0.0758379
-0.0295241	0.0838884
-0.0384903	0.0926043
-0.0481973	0.10204
-0.0587065	0.112256
-0.070084	0.123316
-0.0824017	0.135289
-0.0957371	0.148252
-0.110174	0.162287
-0.125805	0.17748
-0.142726	0.193929
-0.161046	0.211737
-0.180879	0.231017
-0.202351	0.251889
-0.225597	0.274486
-0.250763	0.298949
-0.278009	0.325434
-0.307505	0.354106
-0.339437	0.385147
-0.374007	0.418752
-0.411433	0.455132
-0.451949	0.494517
0.0324054	0.0365455
0.0280173	0.0407825
0.0232666	0.0453696
0.0181233	0.0503358
0.012555	0.0557124
0.00652657	0.0615332
9.92228e-20	0.067835
-0.00706588	0.0746575
-0.0147156	0.0820438
-0.0229975	0.0900405
-0.0319637	0.0986979
-0.0416708	0.108071
-0.0521799	0.118218
-0.0635575	0.129204
-0.0758751	0.141097
-0.0892105	0.153973
-0.103648	0.167913
-0.119278	0.183005
-0.1362	0.199344
-0.154519	0.217033
-0.174353	0.236183
-0.195824	0.256916
-0.21907	0.279361
-0.244237	0.303661
-0.271482	0.329968
-0.300978	0.358448
-0.33291	0.389281
-0.36748	0.42266
-0.404906	0.458797
-0.445422	0.497918
0.0394713	0.0435965
0.0350832	0.0478026
0.0303325	0.0523562
0.0251892	0.0572861
0.0196209	0.0626234
0.0135925	0.0684017
0.00706588	0.0746575
8.52764e-20	0.0814303
-0.00764975	0.0887626
-0.0159316	0.0967009
-0.0248978	0.105295
-0.0346049	0.114599
-0.045114	0.124673
-0.0564916	0.135578
-0.0688092	0.147385
-0.0821446	0.160167
-0.0965819	0.174005
-0.112212	0.188987
-0.129134	0.205206
-0.147453	0.222766
-0.167287	0.241776
-0.188758	0.262357
-0.212004	0.284639
-0.237171	0.308761
-0.264416	0.334876
-0.293912	0.363148
-0.325844	0.393756
-0.360414	0.426892
-0.39784	0.462764
-0.438356	0.501599
0.0471211	0.0512302
0.0427329	0.0554028
0.0379822	0.0599201
0.0328389	0.0648108
0.0272706	0.0701056
0.0212422	0.0758379
0.0147156	0.0820438
0.00764975	0.0887626
0	0.0960366
-0.00828186	0.103912
-0.017248	0.112437
-0.0269551	0.121668
-0.0374643	0.131661
-0.0488418	0.142479
-0.0611595	0.154192
-0.0744949	0.166872
-0.0889321	0.1806
-0.104562	0.195463
-0.121484	0.211553
-0.139804	0.228973
-0.159637	0.247832
-0.181109	0.268249
-0.204355	0.290353
-0.229521	0.314283
-0.256766	0.34019
-0.286262	0.368237
-0.318194	0.398601
-0.352764	0.431473
-0.39019	0.467059
-0.430706	0.505585
0.0554029	0.0594947
0.0510148	0.063631
0.0462641	0.0681091
0.0411208	0.0729572
0.0355525	0.078206
0.0295241	0.0838884
0.0229975	0.0900405
0.0159316	0.0967009
0.00828186	0.103912
0	0.111718
-0.00896619	0.12017
-0.0186733	0.12932
-0.0291824	0.139226
-0.04056	0.149951
-0.0528776	0.161561
-0.066213	0.174132
-0.0806503	0.18774
-0.0962804	0.202474
-0.113202	0.218424
-0.131522	0.235692
-0.151355	0.254388
-0.172827	0.274627
-0.196073	0.296539
-0.221239	0.320261
-0.248484	0.345943
-0.27798	0.373746
-0.309912	0.403846
-0.344482	0.436432
-0.381907	0.47171
-0.422423	0.509901
0.0643691	0.068442
0.059981	0.072539
0.0552303	0.0769746
0.050087	0.0817768
0.0445187	0.0869757
0.0384903	0.0926043
0.0319637	0.0986979
0.0248978	0.105295
0.017248	0.112437
0.00896619	0.12017
0	0.128541
-0.00970707	0.137605
-0.0202162	0.147417
-0.0315938	0.158039
-0.0439114	0.16954
-0.0572468	0.181991
-0.0716841	0.19547
-0.0873142	0.210064
-0.104236	0.225863
-0.122555	0.242967
-0.142389	0.261485
-0.163861	0.281533
-0.187106	0.303236
-0.212273	0.326733
-0.239518	0.352171
-0.269014	0.379711
-0.300946	0.409525
-0.335516	0.441801
-0.372941	0.476744
-0.413457	0.514572
0.0740762	0.0781287
0.0696881	0.0821832
0.0649374	0.0865728
0.0597941	0.0913251
0.0542258	0.0964701
0.0481973	0.10204
0.0416708	0.108071
0.0346049	0.114599
0.0269551	0.121668
0.0186733	0.12932
0.00970707	0.137605
-1.87483e-19	0.146574
-0.0105092	0.156284
-0.0218867	0.166797
-0.0342043	0.178178
-0.0475397	0.190499
-0.061977	0.203839
-0.0776071	0.218281
-0.0945287	0.233916
-0.112848	0.250843
-0.132682	0.269169
-0.154153	0.289008
-0.177399	0.310487
-0.202565	0.33374
-0.229811	0.358914
-0.259306	0.386168
-0.291239	0.415673
-0.325808	0.447614
-0.363233	0.482194
-0.403749	0.51963
0.0845854	0.0886158
0.0801973	0.0926243
0.0754465	0.096964
0.0703032	0.101662
0.0647349	0.106749
0.0587065	0.112256
0.0521799	0.118218
0.045114	0.124673
0.0374643	0.131661
0.0291824	0.139226
0.0202162	0.147417
0.0105092	0.156284
1.6179e-19	0.165884
-0.0113775	0.176277
-0.0236952	0.187529
-0.0370306	0.199711
-0.0514678	0.2129
-0.0670979	0.227178
-0.0840195	0.242635
-0.102339	0.25937
-0.122172	0.277488
-0.143644	0.297102
-0.16689	0.318337
-0.192056	0.341326
-0.219301	0.366214
-0.248797	0.393159
-0.280729	0.422329
-0.315299	0.453908
-0.352724	0.488095
-0.39324	0.525106
0.0959629	0.0999694
0.0915748	0.103928
0.0868241	0.108214
0.0816808	0.112854
0.0761125	0.117877
0.070084	0.123316
0.0635575	0.129204
0.0564916	0.135578
0.0488418	0.142479
0.04056	0.149951
0.0315938	0.158039
0.0218867	0.166797
0.0113775	0.176277
1.39772e-19	0.186541
-0.0123176	0.197654
-0.025653	0.209684
-0.0400903	0.222709
-0.0557204	0.236809
-0.072642	0.252075
-0.0909616	0.268602
-0.110795	0.286494
-0.132267	0.305865
-0.155512	0.326835
-0.180678	0.349539
-0.207924	0.374118
-0.237419	0.400727
-0.269352	0.429534
-0.303921	0.460721
-0.341346	0.494484
-0.381861	0.531034
0.108281	0.112261
0.103892	0.116166
0.0991417	0.120393
0.0939984	0.12497
0.0884301	0.129925
0.0824017	0.135289
0.0758751	0.141097
0.0688092	0.147385
0.0611595	0.154192
0.0528776	0.161561
0.0439114	0.16954
0.0342043	0.178178
0.0236952	0.187529
0.0123176	0.197654
1.20896e-19	0.208615
-0.0133354	0.220481
-0.0277726	0.233328
-0.0434028	0.247236
-0.0603243	0.262294
-0.078644	0.278596
-0.0984772	0.296244
-0.119949	0.315351
-0.143195	0.336036
-0.168361	0.35843
-0.195606	0.382674
-0.225102	0.408921
-0.257034	0.437336
-0.291603	0.468097
-0.329028	0.5014
-0.369543	0.537452
0.121616	0.125569
0.117228	0.129415
0.112477	0.133579
0.107334	0.138087
0.101766	0.142968
0.0957371	0.148252
0.0892105	0.153973
0.0821446	0.160167
0.0744949	0.166872
0.066213	0.174132
0.0572468	0.181991
0.0475397	0.190499
0.0370306	0.199711
0.025653	0.209684
0.0133354	0.220481
0	0.23217
-0.0144372	0.244825
-0.0300674	0.258525
-0.0469889	0.273358
-0.0653085	0.289416
-0.0851417	0.3068
-0.106614	0.325621
-0.129859	0.345997
-0.155025	0.368056
-0.18227	0.391938
-0.211766	0.417792
-0.243698	0.445782
-0.278268	0.476083
-0.315692	0.508887
-0.356207	0.544401
0.136053	0.139975
0.131665	0.143759
0.126914	0.147854
0.121771	0.152289
0.116203	0.157089
0.110174	0.162287
0.103648	0.167913
0.0965819	0.174005
0.0889321	0.1806
0.0806503	0.18774
0.0716841	0.19547
0.061977	0.203839
0.0514678	0.2129
0.0400903	0.222709
0.0277726	0.233328
0.0144372	0.244825
3.63313e-19	0.257272
-0.0156301	0.270747
-0.0325517	0.285336
-0.0508713	0.30113
-0.0707045	0.318229
-0.0921762	0.33674
-0.115422	0.356781
-0.140588	0.378478
-0.167833	0.401966
-0.197329	0.427396
-0.229261	0.454925
-0.26383	0.484729
-0.301254	0.516994
-0.34177	0.551923
0.151683	0.155573
0.147295	0.159288
0.142545	0.163309
0.137401	0.167663
0.131833	0.172377
0.125805	0.17748
0.119278	0.183005
0.112212	0.188987
0.104562	0.195463
0.0962804	0.202474
0.0873142	0.210064
0.0776071	0.218281
0.0670979	0.227178
0.0557204	0.236809
0.0434028	0.247236
0.0300674	0.258525
0.0156301	0.270747
-1.57839e-19	0.283978
-0.0169215	0.298303
-0.0352412	0.313811
-0.0550743	0.330601
-0.0765461	0.348778
-0.0997917	0.368456
-0.124958	0.38976
-0.152203	0.412824
-0.181698	0.437793
-0.21363	0.464824
-0.2482	0.494089
-0.285624	0.52577
-0.326139	0.560067
0.168605	0.172459
0.164217	0.176099
0.159466	0.180041
0.154323	0.184308
0.148755	0.188928
0.142726	0.193929
0.1362	0.199344
0.129134	0.205206
0.121484	0.211553
0.113202	0.218424
0.104236	0.225863
0.0945287	0.233916
0.0840195	0.242635
0.072642	0.252075
0.0603243	0.262294
0.0469889	0.273358
0.0325517	0.285336
0.0169215	0.298303
-2.74808e-19	0.312342
-0.0183196	0.327541
-0.0381528	0.343996
-0.0596245	0.36181
-0.0828702	0.381095
-0.108036	0.401974
-0.135281	0.424578
-0.164777	0.449049
-0.196708	0.475541
-0.231278	0.504222
-0.268702	0.535271
-0.309217	0.568884
0.186925	0.19074
0.182537	0.1943
0.177786	0.198155
0.172643	0.202328
0.167074	0.206846
0.161046	0.211737
0.154519	0.217033
0.147453	0.222766
0.139804	0.228973
0.131522	0.235692
0.122555	0.242967
0.112848	0.250843
0.102339	0.25937
0.0909616	0.268602
0.078644	0.278596
0.0653085	0.289416
0.0508713	0.30113
0.0352412	0.313811
0.0183196	0.327541
-4.79481e-19	0.342405
-0.0198332	0.358497
-0.0413049	0.375919
-0.0645505	0.394779
-0.0897165	0.415198
-0.116961	0.437304
-0.146457	0.461236
-0.178389	0.487144
-0.212958	0.515192
-0.250382	0.545557
-0.290896	0.578429
0.206758	0.210532
0.20237	0.214005
0.197619	0.217766
0.192476	0.221837
0.186908	0.226245
0.180879	0.231017
0.174353	0.236183
0.167287	0.241776
0.159637	0.247832
0.151355	0.254388
0.142389	0.261485
0.132682	0.269169
0.122172	0.277488
0.110795	0.286494
0.0984772	0.296244
0.0851417	0.3068
0.0707045	0.318229
0.0550743	0.330601
0.0381528	0.343996
0.0198332	0.358497
0	0.374196
-0.0214717	0.391193
-0.0447173	0.409594
-0.0698833	0.429514
-0.0971282	0.451081
-0.126624	0.474429
-0.158555	0.499705
-0.193124	0.527069
-0.230548	0.556693
-0.271063	0.588763
0.22823	0.231958
0.223842	0.235338
0.219091	0.238997
0.213948	0.242958
0.20838	0.247246
0.202351	0.251889
0.195824	0.256916
0.188758	0.262357
0.181109	0.268249
0.172827	0.274627
0.163861	0.281533
0.154153	0.289008
0.143644	0.297102
0.132267	0.305865
0.119949	0.315351
0.106614	0.325621
0.0921762	0.33674
0.0765461	0.348778
0.0596245	0.36181
0.0413049	0.375919
0.0214717	0.391193
0	0.407729
-0.0232456	0.425632
-0.0484115	0.445013
-0.0756564	0.465996
-0.105152	0.488712
-0.137083	0.513304
-0.171652	0.539927
-0.209076	0.568749
-0.24959	0.599951
0.251476	0.255156
0.247088	0.258433
0.242337	0.261982
0.237194	0.265824
0.231625	0.269983
0.225597	0.274486
0.21907	0.279361
0.212004	0.284639
0.204355	0.290353
0.196073	0.296539
0.187106	0.303236
0.177399	0.310487
0.16689	0.318337
0.155512	0.326835
0.143195	0.336036
0.129859	0.345997
0.115422	0.356781
0.0997917	0.368456
0.0828702	0.381095
0.0645505	0.394779
0.0447173	0.409594
0.0232456	0.425632
0	0.442995
-0.0251659	0.461793
-0.0524108	0.482143
-0.0819061	0.504175
-0.113838	0.528026
-0.148407	0.553847
-0.18583	0.581801
-0.226344	0.612063
0.276642	0.280269
0.272254	0.283437
0.267503	0.286866
0.26236	0.290578
0.256792	0.294598
0.250763	0.298949
0.244237	0.303661
0.237171	0.308761
0.229521	0.314283
0.221239	0.320261
0.212273	0.326733
0.202565	0.33374
0.192056	0.341326
0.180678	0.349539
0.168361	0.35843
0.155025	0.368056
0.140588	0.378478
0.124958	0.38976
0.108036	0.401974
0.0897165	0.415198
0.0698833	0.429514
0.0484115	0.445013
0.0251659	0.461793
0	0.479958
-0.0272448	0.499625
-0.0567401	0.520915
-0.0886716	0.543965
-0.12324	0.568917
-0.160664	0.595931
-0.201178	0.625175
0.303888	0.307457
0.2995	0.310505
0.294749	0.313805
0.289605	0.317378
0.284037	0.321246
0.278009	0.325434
0.271482	0.329968
0.264416	0.334876
0.256766	0.34019
0.248484	0.345943
0.239518	0.352171
0.229811	0.358914
0.219301	0.366214
0.207924	0.374118
0.195606	0.382674
0.18227	0.391938
0.167833	0.401966
0.152203	0.412824
0.135281	0.424578
0.116961	0.437304
0.0971282	0.451081
0.0756564	0.465996
0.0524108	0.482143
0.0272448	0.499625
0	0.51855
-0.0294953	0.539039
-0.0614268	0.56122
-0.0959954	0.585232
-0.133419	0.611228
-0.173932	0.639371
0.333384	0.336891
0.328996	0.33981
0.324245	0.342971
0.319102	0.346392
0.313533	0.350096
0.307505	0.354106
0.300978	0.358448
0.293912	0.363148
0.286262	0.368237
0.27798	0.373746
0.269014	0.379711
0.259306	0.386168
0.248797	0.393159
0.237419	0.400727
0.225102	0.408921
0.211766	0.417792
0.197329	0.427396
0.181698	0.437793
0.164777	0.449049
0.146457	0.461236
0.126624	0.474429
0.105152	0.488712
0.0819061	0.504175
0.0567401	0.520915
0.0294953	0.539039
4.511e-19	0.558659
-0.0319314	0.5799
-0.0665001	0.602895
-0.103923	0.627789
-0.144437	0.654739
0.365317	0.368757
0.360928	0.371536
0.356178	0.374545
0.351034	0.377802
0.345466	0.381329
0.339437	0.385147
0.33291	0.389281
0.325844	0.393756
0.318194	0.398601
0.309912	0.403846
0.300946	0.409525
0.291239	0.415673
0.280729	0.422329
0.269352	0.429534
0.257034	0.437336
0.243698	0.445782
0.229261	0.454925
0.21363	0.464824
0.196708	0.475541
0.178389	0.487144
0.158555	0.499705
0.137083	0.513304
0.113838	0.528026
0.0886716	0.543965
0.0614268	0.56122
0.0319314	0.5799
-8.08464e-19	0.600123
-0.0345686	0.622016
-0.0719918	0.645718
-0.112505	0.671376
0.399887	0.403254
0.395499	0.405882
0.390748	0.408727
0.385604	0.411807
0.380036	0.415142
0.374007	0.418752
0.36748	0.42266
0.360414	0.426892
0.352764	0.431473
0.344482	0.436432
0.335516	0.441801
0.325808	0.447614
0.315299	0.453908
0.303921	0.460721
0.291603	0.468097
0.278268	0.476083
0.26383	0.484729
0.2482	0.494089
0.231278	0.504222
0.212958	0.515192
0.193124	0.527069
0.171652	0.539927
0.148407	0.553847
0.12324	0.568917
0.0959954	0.585232
0.0665001	0.602895
0.0345686	0.622016
-3.6475e-19	0.642717
-0.0374231	0.665127
-0.0779361	0.689387
0.437313	0.440601
0.432924	0.443065
0.428173	0.445733
0.42303	0.448621
0.417461	0.451747
0.411433	0.455132
0.404906	0.458797
0.39784	0.462764
0.39019	0.467059
0.381907	0.47171
0.372941	0.476744
0.363233	0.482194
0.352724	0.488095
0.341346	0.494484
0.329028	0.5014
0.315692	0.508887
0.301254	0.516994
0.285624	0.52577
0.268702	0.535271
0.250382	0.545557
0.230548	0.556693
0.209076	0.568749
0.18583	0.581801
0.160664	0.595931
0.133419	0.611228
0.103923	0.627789
0.0719918	0.645718
0.0374231	0.665127
0	0.686139
-0.0405129	0.708885
0.477829	0.481033
0.473441	0.483319
0.46869	0.485795
0.463546	0.488474
0.457978	0.491376
0.451949	0.494517
0.445422	0.497918
0.438356	0.501599
0.430706	0.505585
0.422423	0.509901
0.413457	0.514572
0.403749	0.51963
0.39324	0.525106
0.381861	0.531034
0.369543	0.537452
0.356207	0.544401
0.34177	0.551923
0.326139	0.560067
0.309217	0.568884
0.290896	0.578429
0.271063	0.588763
0.24959	0.599951
0.226344	0.612063
0.201178	0.625175
0.173932	0.639371
0.144437	0.654739
0.112505	0.671376
0.0779361	0.689387
0.0405129	0.708885
0	0.729994
0.530957	0.534351
0.52646	0.536917
0.521586	0.539689
0.516304	0.542685
0.510578	0.545921
0.504372	0.549415
0.497645	0.553189
0.49035	0.557263
0.482442	0.561659
0.473865	0.566403
0.464564	0.571518
0.454476	0.577033
0.443534	0.582976
0.431663	0.589378
0.418783	0.59627
0.404807	0.603685
0.38964	0.611658
0.373179	0.620224
0.355312	0.629421
0.335918	0.639284
0.314864	0.649853
0.292008	0.661163
0.267196	0.673252
0.240261	0.686153
0.211025	0.699899
0.179296	0.714517
0.144871	0.730029
0.107535	0.746452
0.0670605	0.763791
0.0232169	0.782043
0.593418	0.597263
0.588718	0.600563
0.583614	0.604121
0.578072	0.607955
0.572051	0.612085
0.56551	0.616531
0.558401	0.621314
0.550673	0.626457
0.54227	0.631984
0.533131	0.637918
0.523188	0.644284
0.512368	0.651107
0.50059	0.658411
0.487765	0.666221
0.473796	0.674561
0.458577	0.683452
0.44199	0.692913
0.423911	0.702962
0.404198	0.713608
0.3827	0.724859
0.359254	0.736709
0.33368	0.749148
0.305786	0.762148
0.275365	0.775666
0.242197	0.789641
0.206048	0.803985
0.166675	0.818582
0.123829	0.833279
0.0772567	0.847882
0.0267159	0.862149
0.655896	0.660191
0.650993	0.664227
0.645659	0.66857
0.639856	0.673243
0.63354	0.678266
0.626662	0.683662
0.619172	0.689455
0.61101	0.695668
0.602113	0.702325
0.59241	0.70945
0.581826	0.717066
0.570273	0.725196
0.557659	0.733862
0.543879	0.74308
0.52882	0.752868
0.512357	0.763234
0.494351	0.774185
0.474652	0.785715
0.453092	0.797812
0.429492	0.810449
0.403652	0.823582
0.37536	0.837149
0.344384	0.85106
0.310476	0.865196
0.273375	0.8794
0.232805	0.893471
0.188484	0.907153
0.140126	0.920124
0.0874551	0.931991
0.0302157	0.942271
0.718387	0.723132
0.713279	0.727902
0.707716	0.733031
0.701651	0.738542
0.695039	0.744459
0.687826	0.750806
0.679953	0.757608
0.671357	0.76489
0.661965	0.772678
0.6517	0.780993
0.640472	0.78986
0.628187	0.799298
0.614736	0.809324
0.600002	0.819951
0.583853	0.831186
0.566145	0.843028
0.54672	0.855468
0.5254	0.86848
0.501994	0.882028
0.476289	0.896051
0.448057	0.910467
0.417046	0.925162
0.382987	0.939984
0.345592	0.954738
0.304557	0.969173
0.259566	0.982971
0.210295	0.995737
0.156426	1.00698
0.097655	1.01611
0.033716	1.02241
-0.0232169	0.782043
-0.0670605	0.763791
-0.107535	0.746452
-0.144871	0.730029
-0.179296	0.714517
-0.211025	0.699899
-0.240261	0.686153
-0.267196	0.673252
-0.292008	0.661163
-0.314864	0.649853
-0.335918	0.639284
-0.355312	0.629421
-0.373179	0.620224
-0.38964	0.611658
-0.404807	0.603685
-0.418783	0.59627
-0.431663	0.589378
-0.443534	0.582976
-0.454476	0.577033
-0.464564	0.571518
-0.473865	0.566403
-0.482442	0.561659
-0.49035	0.557263
-0.497645	0.553189
-0.504372	0.549415
-0.510578	0.545921
-0.516304	0.542685
-0.521586	0.539689
-0.52646	0.536917
-0.530957	0.534351
-0.0267159	0.862149
-0.0772567	0.847882
-0.123829	0.833279
-0.166675	0.818582
-0.206048	0.803985
-0.242197	0.789641
-0.275365	0.775666
-0.305786	0.762148
-0.33368	0.749148
-0.359254	0.736709
-0.3827	0.724859
-0.404198	0.713608
-0.423911	0.702962
-0.44199	0.692913
-0.458577	0.683452
-0.473796	0.674561
-0.487765	0.666221
-0.50059	0.658411
-0.512368	0.651107
-0.523188	0.644284
-0.533131	0.637918
-0.54227	0.631984
-0.550673	0.626457
-0.558401	0.621314
-0.56551	0.616531
-0.572051	0.612085
-0.578072	0.607955
-0.583614	0.604121
-0.588718	0.600563
-0.593418	0.597263
-0.0302157	0.942271
-0.0874551	0.931991
-0.140126	0.920124
-0.188484	0.907153
-0.232805	0.893471
-0.273375	0.8794
-0.310476	0.865196
-0.344384	0.85106
-0.37536	0.837149
-0.403652	0.823582
-0.429492	0.810449
-0.453092	0.797812
-0.474652	0.785715
-0.494351	0.774185
-0.512357	0.763234
-0.52882	0.752868
-0.543879	0.74308
-0.557659	0.733862
-0.570273	0.725196
-0.581826	0.717066
-0.59241	0.70945
-0.602113	0.702325
-0.61101	0.695668
-0.619172	0.689455
-0.626662	0.683662
-0.63354	0.678266
-0.639856	0.673243
-0.645659	0.66857
-0.650993	0.664227
-0.655896	0.660191
-0.033716	1.02241
-0.097655	1.01611
-0.156426	1.00698
-0.210295	0.995737
-0.259566	0.982971
-0.304557	0.969173
-0.345592	0.954738
-0.382987	0.939984
-0.417046	0.925162
-0.448057	0.910467
-0.476289	0.896051
-0.501994	0.882028
-0.5254	0.86848
-0.54672	0.855468
-0.566145	0.843028
-0.583853	0.831186
-0.600002	0.819951
-0.614736	0.809324
-0.628187	0.799298
-0.640472	0.78986
-0.6517	0.780993
-0.661965	0.772678
-0.671357	0.76489
-0.679953	0.757608
-0.687826	0.750806
-0.695039	0.744459
-0.701651	0.738542
-0.707716	0.733031
-0.713279	0.727902
-0.718387	0.723132
-0.00420822	6.22356e-20
-0.00858711	-0.00438812
-0.0133278	-0.00913884
-0.0184603	-0.0142821
-0.0240169	-0.0198504
-0.0300327	-0.0258789
-0.0365455	-0.0324054
-0.0435965	-0.0394713
-0.0512302	-0.0471211
-0.0594947	-0.0554029
-0.068442	-0.0643691
-0.0781287	-0.0740762
-0.0886158	-0.0845854
-0.0999694	-0.0959629
-0.112261	-0.108281
-0.125569	-0.121616
-0.139975	-0.136053
-0.155573	-0.151683
-0.172459	-0.168605
-0.19074	-0.186925
-0.210532	-0.206758
-0.231958	-0.22823
-0.255156	-0.251476
-0.280269	-0.276642
-0.307457	-0.303888
-0.336891	-0.333384
-0.368757	-0.365317
-0.403254	-0.399887
-0.440601	-0.437313
-0.481033	-0.477829
-0.00858711	0.00438812
-0.0129468	5.33314e-20
-0.0176667	-0.00475072
-0.0227767	-0.00989402
-0.0283089	-0.0154623
-0.0342982	-0.0214907
-0.0407825	-0.0280173
-0.0478026	-0.0350832
-0.0554028	-0.0427329
-0.063631	-0.0510148
-0.072539	-0.059981
-0.0821832	-0.0696881
-0.0926243	-0.0801973
-0.103928	-0.0915748
-0.116166	-0.103892
-0.129415	-0.117228
-0.143759	-0.131665
-0.159288	-0.147295
-0.176099	-0.164217
-0.1943	-0.182537
-0.214005	-0.20237
-0.235338	-0.223842
-0.258433	-0.247088
-0.283437	-0.272254
-0.310505	-0.2995
-0.33981	-0.328996
-0.371536	-0.360928
-0.405882	-0.395499
-0.443065	-0.432924
-0.483319	-0.473441
-0.0133278	0.00913884
-0.0176667	0.00475072
-0.0223641	-9.14376e-20
-0.0274497	-0.00514329
-0.0329555	-0.0107116
-0.0389163	-0.01674
-0.0453696	-0.0232666
-0.0523562	-0.0303325
-0.0599201	-0.0379822
-0.0681091	-0.0462641
-0.0769746	-0.0552303
-0.0865728	-0.0649374
-0.096964	-0.0754465
-0.108214	-0.0868241
-0.120393	-0.0991417
-0.133579	-0.112477
-0.147854	-0.126914
-0.163309	-0.142545
-0.180041	-0.159466
-0.198155	-0.177786
-0.217766	-0.197619
-0.238997	-0.219091
-0.261982	-0.242337
-0.286866	-0.267503
-0.313805	-0.294749
-0.342971	-0.324245
-0.374545	-0.356178
-0.408727	-0.390748
-0.445733	-0.428173
-0.485795	-0.46869
-0.0184603	0.0142821
-0.0227767	0.00989402
-0.0274497	0.00514329
-0.0325089	-1.56837e-19
-0.0379861	-0.0055683
-0.043916	-0.0115967
-0.0503358	-0.0181233
-0.0572861	-0.0251892
-0.0648108	-0.0328389
-0.0729572	-0.0411208
-0.0817768	-0.050087
-0.0913251	-0.0597941
-0.101662	-0.0703032
-0.112854	-0.0816808
-0.12497	-0.0939984
-0.138087	-0.107334
-0.152289	-0.121771
-0.167663	-0.137401
-0.184308	-0.154323
-0.202328	-0.172643
-0.221837	-0.192476
-0.242958	-0.213948
-0.265824	-0.237194
-0.290578	-0.26236
-0.317378	-0.289605
-0.346392	-0.319102
-0.377802	-0.351034
-0.411807	-0.385604
-0.448621	-0.42303
-0.488474	-0.463546
-0.0240169	0.0198504
-0.0283089	0.0154623
-0.0329555	0.0107116
-0.0379861	0.0055683
-0.0434324	-6.72843e-20
-0.0493288	-0.00602843
-0.0557124	-0.012555
-0.0626234	-0.0196209
-0.0701056	-0.0272706
-0.078206	-0.0355525
-0.0869757	-0.0445187
-0.0964701	-0.0542258
-0.106749	-0.0647349
-0.117877	-0.0761125
-0.129925	-0.0884301
-0.142968	-0.101766
-0.157089	-0.116203
-0.172377	-0.131833
-0.188928	-0.148755
-0.206846	-0.167074
-0.226245	-0.186908
-0.247246	-0.20838
-0.269983	-0.231625
-0.294598	-0.256792
-0.321246	-0.284037
-0.350096	-0.313533
-0.381329	-0.345466
-0.415142	-0.380036
-0.451747	-0.417461
-0.491376	-0.457978
-0.0300327	0.0258789
-0.0342982	0.0214907
-0.0389163	0.01674
-0.043916	0.0115967
-0.0493288	0.00602843
-0.0551889	0
-0.0615332	-0.00652657
-0.0684017	-0.0135925
-0.0758379	-0.0212422
-0.0838884	-0.0295241
-0.0926043	-0.0384903
-0.10204	-0.0481973
-0.112256	-0.0587065
-0.123316	-0.070084
-0.135289	-0.0824017
-0.148252	-0.0957371
-0.162287	-0.110174
-0.17748	-0.125805
-0.193929	-0.142726
-0.211737	-0.161046
-0.231017	-0.180879
-0.251889	-0.202351
-0.274486	-0.225597
-0.298949	-0.250763
-0.325434	-0.278009
-0.354106	-0.307505
-0.385147	-0.339437
-0.418752	-0.374007
-0.455132	-0.411433
-0.494517	-0.451949
-0.0365455	0.0324054
-0.0407825	0.0280173
-0.0453696	0.0232666
-0.0503358	0.0181233
-0.0557124	0.012555
-0.0615332	0.00652657
-0.067835	9.92228e-20
-0.0746575	-0.00706588
-0.0820438	-0.0147156
-0.0900405	-0.0229975
-0.0986979	-0.0319637
-0.108071	-0.0416708
-0.118218	-0.0521799
-0.129204	-0.0635575
-0.141097	-0.0758751
-0.153973	-0.0892105
-0.167913	-0.103648
-0.183005	-0.119278
-0.199344	-0.1362
-0.217033	-0.154519
-0.236183	-0.174353
-0.256916	-0.195824
-0.279361	-0.21907
-0.303661	-0.244237
-0.329968	-0.271482
-0.358448	-0.300978
-0.389281	-0.33291
-0.42266	-0.36748
-0.458797	-0.404906
-0.497918	-0.445422
-0.0435965	0.0394713
-0.0478026	0.0350832
-0.0523562	0.0303325
-0.0572861	0.0251892
-0.0626234	0.0196209
-0.0684017	0.0135925
-0.0746575	0.00706588
-0.0814303	8.52764e-20
-0.0887626	-0.00764975
-0.0967009	-0.0159316
-0.105295	-0.0248978
-0.114599	-0.0346049
-0.124673	-0.045114
-0.135578	-0.0564916
-0.147385	-0.0688092
-0.160167	-0.0821446
-0.174005	-0.0965819
-0.188987	-0.112212
-0.205206	-0.129134
-0.222766	-0.147453
-0.241776	-0.167287
-0.262357	-0.188758
-0.284639	-0.212004
-0.308761	-0.237171
-0.334876	-0.264416
-0.363148	-0.293912
-0.393756	-0.325844
-0.426892	-0.360414
-0.462764	-0.39784
-0.501599	-0.438356
-0.0512302	0.0471211
-0.0554028	0.0427329
-0.0599201	0.0379822
-0.0648108	0.0328389
-0.0701056	0.0272706
-0.0758379	0.0212422
-0.0820438	0.0147156
-0.0887626	0.00764975
-0.0960366	0
-0.103912	-0.00828186
-0.112437	-0.017248
-0.121668	-0.0269551
-0.131661	-0.0374643
-0.142479	-0.0488418
-0.154192	-0.0611595
-0.166872	-0.0744949
-0.1806	-0.0889321
-0.195463	-0.104562
-0.211553	-0.121484
-0.228973	-0.139804
-0.247832	-0.159637
-0.268249	-0.181109
-0.290353	-0.204355
-0.314283	-0.229521
-0.34019	-0.256766
-0.368237	-0.286262
-0.398601	-0.318194
-0.431473	-0.352764
-0.467059	-0.39019
-0.505585	-0.430706
-0.0594947	0.0554029
-0.063631	0.0510148
-0.0681091	0.0462641
-0.0729572	0.0411208
-0.078206	0.0355525
-0.0838884	0.0295241
-0.0900405	0.0229975
-0.0967009	0.0159316
-0.103912	0.00828186
-0.111718	0
-0.12017	-0.00896619
-0.12932	-0.0186733
-0.139226	-0.0291824
-0.149951	-0.04056
-0.161561	-0.0528776
-0.174132	-0.066213
-0.18774	-0.0806503
-0.202474	-0.0962804
-0.218424	-0.113202
-0.235692	-0.131522
-0.254388	-0.151355
-0.274627	-0.172827
-0.296539	-0.196073
-0.320261	-0.221239
-0.345943	-0.248484
-0.373746	-0.27798
-0.403846	-0.309912
-0.436432	-0.344482
-0.47171	-0.381907
-0.509901	-0.422423
-0.068442	0.0643691
-0.072539	0.059981
-0.0769746	0.0552303
-0.0817768	0.050087
-0.0869757	0.0445187
-0.0926043	0.0384903
-0.0986979	0.0319637
-0.105295	0.0248978
-0.112437	0.017248
-0.12017	0.00896619
-0.128541	0
-0.137605	-0.00970707
-0.147417	-0.0202162
-0.158039	-0.0315938
-0.16954	-0.0439114
-0.181991	-0.0572468
-0.19547	-0.0716841
-0.210064	-0.0873142
-0.225863	-0.104236
-0.242967	-0.122555
-0.261485	-0.142389
-0.281533	-0.163861
-0.303236	-0.187106
-0.326733	-0.212273
-0.352171	-0.239518
-0.379711	-0.269014
-0.409525	-0.300946
-0.441801	-0.335516
-0.476744	-0.372941
-0.514572	-0.413457
-0.0781287	0.0740762
-0.0821832	0.0696881
-0.0865728	0.0649374
-0.0913251	0.0597941
-0.0964701	0.0542258
-0.10204	0.0481973
-0.108071	0.0416708
-0.114599	0.0346049
-0.121668	0.0269551
-0.12932	0.0186733
-0.137605	0.00970707
-0.146574	-1.87483e-19
-0.156284	-0.0105092
-0.166797	-0.0218867
-0.178178	-0.0342043
-0.190499	-0.0475397
-0.203839	-0.061977
-0.218281	-0.0776071
-0.233916	-0.0945287
-0.250843	-0.112848
-0.269169	-0.132682
-0.289008	-0.154153
-0.310487	-0.177399
-0.33374	-0.202565
-0.358914	-0.229811
-0.386168	-0.259306
-0.415673	-0.291239
-0.447614	-0.325808
-0.482194	-0.363233
-0.51963	-0.403749
-0.0886158	0.0845854
-0.0926243	0.0801973
-0.096964	0.0754465
-0.101662	0.0703032
-0.106749	0.0647349
-0.112256	0.0587065
-0.118218	0.0521799
-0.124673	0.045114
-0.131661	0.0374643
-0.139226	0.0291824
-0.147417	0.0202162
-0.156284	0.0105092
-0.165884	1.6179e-19
-0.176277	-0.0113775
-0.187529	-0.0236952
-0.199711	-0.0370306
-0.2129	-0.0514678
-0.227178	-0.0670979
-0.242635	-0.0840195
-0.25937	-0.102339
-0.277488	-0.122172
-0.297102	-0.143644
-0.318337	-0.16689
-0.341326	-0.192056
-0.366214	-0.219301
-0.393159	-0.248797
-0.422329	-0.280729
-0.453908	-0.315299
-0.488095	-0.352724
-0.525106	-0.39324
-0.0999694	0.0959629
-0.103928	0.0915748
-0.108214	0.0868241
-0.112854	0.0816808
-0.117877	0.0761125
-0.123316	0.070084
-0.129204	0.0635575
-0.135578	0.0564916
-0.142479	0.0488418
-0.149951	0.04056
-0.158039	0.0315938
-0.166797	0.0218867
-0.176277	0.0113775
-0.186541	1.39772e-19
-0.197654	-0.0123176
-0.209684	-0.025653
-0.222709	-0.0400903
-0.236809	-0.0557204
-0.252075	-0.072642
-0.268602	-0.0909616
-0.286494	-0.110795
-0.305865	-0.132267
-0.326835	-0.155512
-0.349539	-0.180678
-0.374118	-0.207924
-0.400727	-0.237419
-0.429534	-0.269352
-0.460721	-0.303921
-0.494484	-0.341346
-0.531034	-0.381861
-0.112261	0.108281
-0.116166	0.103892
-0.120393	0.0991417
-0.12497	0.0939984
-0.129925	0.0884301
-0.135289	0.0824017
-0.141097	0.0758751
-0.147385	0.0688092
-0.154192	0.0611595
-0.161561	0.0528776
-0.16954	0.0439114
-0.178178	0.0342043
-0.187529	0.0236952
-0.197654	0.0123176
-0.208615	1.20896e-19
-0.220481	-0.0133354
-0.233328	-0.0277726
-0.247236	-0.0434028
-0.262294	-0.0603243
-0.278596	-0.078644
-0.296244	-0.0984772
-0.315351	-0.119949
-0.336036	-0.143195
-0.35843	-0.168361
-0.382674	-0.195606
-0.408921	-0.225102
-0.437336	-0.257034
-0.468097	-0.291603
-0.5014	-0.329028
-0.537452	-0.369543
-0.125569	0.121616
-0.129415	0.117228
-0.133579	0.112477
-0.138087	0.107334
-0.142968	0.101766
-0.148252	0.0957371
-0.153973	0.0892105
-0.160167	0.0821446
-0.166872	0.0744949
-0.174132	0.066213
-0.181991	0.0572468
-0.190499	0.0475397
-0.199711	0.0370306
-0.209684	0.025653
-0.220481	0.0133354
-0.23217	0
-0.244825	-0.0144372
-0.258525	-0.0300674
-0.273358	-0.0469889
-0.289416	-0.0653085
-0.3068	-0.0851417
-0.325621	-0.106614
-0.345997	-0.129859
-0.368056	-0.155025
-0.391938	-0.18227
-0.417792	-0.211766
-0.445782	-0.243698
-0.476083	-0.278268
-0.508887	-0.315692
-0.544401	-0.356207
-0.139975	0.136053
-0.143759	0.131665
-0.147854	0.126914
-0.152289	0.121771
-0.157089	0.116203
-0.162287	0.110174
-0.167913	0.103648
-0.174005	0.0965819
-0.1806	0.0889321
-0.18774	0.0806503
-0.19547	0.0716841
-0.203839	0.061977
-0.2129	0.0514678
-0.222709	0.0400903
-0.233328	0.0277726
-0.244825	0.0144372
-0.257272	3.63313e-19
-0.270747	-0.0156301
-0.285336	-0.0325517
-0.30113	-0.0508713
-0.318229	-0.0707045
-0.33674	-0.0921762
-0.356781	-0.115422
-0.378478	-0.140588
-0.401966	-0.167833
-0.427396	-0.197329
-0.454925	-0.229261
-0.484729	-0.26383
-0.516994	-0.301254
-0.551923	-0.34177
-0.155573	0.151683
-0.159288	0.147295
-0.163309	0.142545
-0.167663	0.137401
-0.172377	0.131833
-0.17748	0.125805
-0.183005	0.119278
-0.188987	0.112212
-0.195463	0.104562
-0.202474	0.0962804
-0.210064	0.0873142
-0.218281	0.0776071
-0.227178	0.0670979
-0.236809	0.0557204
-0.247236	0.0434028
-0.258525	0.0300674
-0.270747	0.0156301
-0.283978	-1.57839e-19
-0.298303	-0.0169215
-0.313811	-0.0352412
-0.330601	-0.0550743
-0.348778	-0.0765461
-0.368456	-0.0997917
-0.38976	-0.124958
-0.412824	-0.152203
-0.437793	-0.181698
-0.464824	-0.21363
-0.494089	-0.2482
-0.52577	-0.285624
-0.560067	-0.326139
-0.172459	0.168605
-0.176099	0.164217
-0.180041	0.159466
-0.184308	0.154323
-0.188928	0.148755
-0.193929	0.142726
-0.199344	0.1362
-0.205206	0.129134
-0.211553	0.121484
-0.218424	0.113202
-0.225863	0.104236
-0.233916	0.0945287
-0.242635	0.0840195
-0.252075	0.072642
-0.262294	0.0603243
-0.273358	0.0469889
-0.285336	0.0325517
-0.298303	0.0169215
-0.312342	-2.74808e-19
-0.327541	-0.0183196
-0.343996	-0.0381528
-0.36181	-0.0596245
-0.381095	-0.0828702
-0.401974	-0.108036
-0.424578	-0.135281
-0.449049	-0.164777
-0.475541	-0.196708
-0.504222	-0.231278
-0.535271	-0.268702
-0.568884	-0.309217
-0.19074	0.186925
-0.1943	0.182537
-0.198155	0.177786
-0.202328	0.172643
-0.206846	0.167074
-0.211737	0.161046
-0.217033	0.154519
-0.222766	0.147453
-0.228973	0.139804
-0.235692	0.131522
-0.242967	0.122555
-0.250843	0.112848
-0.25937	0.102339
-0.268602	0.0909616
-0.278596	0.078644
-0.289416	0.0653085
-0.30113	0.0508713
-0.313811	0.0352412
-0.327541	0.0183196
-0.342405	-4.79481e-19
-0.358497	-0.0198332
-0.375919	-0.0413049
-0.394779	-0.0645505
-0.415198	-0.0897165
-0.437304	-0.116961
-0.461236	-0.146457
-0.487144	-0.178389
-0.515192	-0.212958
-0.545557	-0.250382
-0.578429	-0.290896
-0.210532	0.206758
-0.214005	0.20237
-0.217766	0.197619
-0.221837	0.192476
-0.226245	0.186908
-0.231017	0.180879
-0.236183	0.174353
-0.241776	0.167287
-0.247832	0.159637
-0.254388	0.151355
-0.261485	0.142389
-0.269169	0.132682
-0.277488	0.122172
-0.286494	0.110795
-0.296244	0.0984772
-0.3068	0.0851417
-0.318229	0.0707045
-0.330601	0.0550743
-0.343996	0.0381528
-0.358497	0.0198332
-0.374196	0
-0.391193	-0.0214717
-0.409594	-0.0447173
-0.429514	-0.0698833
-0.451081	-0.0971282
-0.474429	-0.126624
-0.499705	-0.158555
-0.527069	-0.193124
-0.556693	-0.230548
-0.588763	-0.271063
-0.231958	0.22823
-0.235338	0.223842
-0.238997	0.219091
-0.242958	0.213948
-0.247246	0.20838
-0.251889	0.202351
-0.256916	0.195824
-0.262357	0.188758
-0.268249	0.181109
-0.274627	0.172827
-0.281533	0.163861
-0.289008	0.154153
-0.297102	0.143644
-0.305865	0.132267
-0.315351	0.119949
-0.325621	0.106614
-0.33674	0.0921762
-0.348778	0.0765461
-0.36181	0.0596245
-0.375919	0.0413049
-0.391193	0.0214717
-0.407729	0
-0.425632	-0.0232456
-0.445013	-0.0484115
-0.465996	-0.0756564
-0.488712	-0.105152
-0.513304	-0.137083
-0.539927	-0.171652
-0.568749	-0.209076
-0.599951	-0.24959
-0.255156	0.251476
-0.258433	0.247088
-0.261982	0.242337
-0.265824	0.237194
-0.269983	0.231625
-0.274486	0.225597
-0.279361	0.21907
-0.284639	0.212004
-0.290353	0.204355
-0.296539	0.196073
-0.303236	0.187106
-0.310487	0.177399
-0.318337	0.16689
-0.326835	0.155512
-0.336036	0.143195
-0.345997	0.129859
-0.356781	0.115422
-0.368456	0.0997917
-0.381095	0.0828702
-0.394779	0.0645505
-0.409594	0.0447173
-0.425632	0.0232456
-0.442995	0
-0.461793	-0.0251659
-0.482143	-0.0524108
-0.504175	-0.0819061
-0.528026	-0.113838
-0.553847	-0.148407
-0.581801	-0.18583
-0.612063	-0.226344
-0.280269	0.276642
-0.283437	0.272254
-0.286866	0.267503
-0.290578	0.26236
-0.294598	0.256792
-0.298949	0.250763
-0.303661	0.244237
-0.308761	0.237171
-0.314283	0.229521
-0.320261	0.221239
-0.326733	0.212273
-0.33374	0.202565
-0.341326	0.192056
-0.349539	0.180678
-0.35843	0.168361
-0.368056	0.155025
-0.378478	0.140588
-0.38976	0.124958
-0.401974	0.108036
-0.415198	0.0897165
-0.429514	0.0698833
-0.445013	0.0484115
-0.461793	0.0251659
-0.479958	0
-0.499625	-0.0272448
-0.520915	-0.0567401
-0.543965	-0.0886716
-0.568917	-0.12324
-0.595931	-0.160664
-0.625175	-0.201178
-0.307457	0.303888
-0.310505	0.2995
-0.313805	0.294749
-0.317378	0.289605
-0.321246	0.284037
-0.325434	0.278009
-0.329968	0.271482
-0.334876	0.264416
-0.34019	0.256766
-0.345943	0.248484
-0.352171	0.239518
-0.358914	0.229811
-0.366214	0.219301
-0.374118	0.207924
-0.382674	0.195606
-0.391938	0.18227
-0.401966	0.167833
-0.412824	0.152203
-0.424578	0.135281
-0.437304	0.116961
-0.451081	0.0971282
-0.465996	0.0756564
-0.482143	0.0524108
-0.499625	0.0272448
-0.51855	0
-0.539039	-0.0294953
-0.56122	-0.0614268
-0.585232	-0.0959954
-0.611228	-0.133419
-0.639371	-0.173932
-0.336891	0.333384
-0.33981	0.328996
-0.342971	0.324245
-0.346392	0.319102
-0.350096	0.313533
-0.354106	0.307505
-0.358448	0.300978
-0.363148	0.293912
-0.368237	0.286262
-0.373746	0.27798
-0.379711	0.269014
-0.386168	0.259306
-0.393159	0.248797
-0.400727	0.237419
-0.408921	0.225102
-0.417792	0.211766
-0.427396	0.197329
-0.437793	0.181698
-0.449049	0.164777
-0.461236	0.146457
-0.474429	0.126624
-0.488712	0.105152
-0.504175	0.0819061
-0.520915	0.0567401
-0.539039	0.0294953
-0.558659	4.511e-19
-0.5799	-0.0319314
-0.602895	-0.0665001
-0.627789	-0.103923
-0.654739	-0.144437
-0.368757	0.365317
-0.371536	0.360928
-0.374545	0.356178
-0.377802	0.351034
-0.381329	0.345466
-0.385147	0.339437
-0.389281	0.33291
-0.393756	0.325844
-0.398601	0.318194
-0.403846	0.309912
-0.409525	0.300946
-0.415673	0.291239
-0.422329	0.280729
-0.429534	0.269352
-0.437336	0.257034
-0.445782	0.243698
-0.454925	0.229261
-0.464824	0.21363
-0.475541	0.196708
-0.487144	0.178389
-0.499705	0.158555
-0.513304	0.137083
-0.528026	0.113838
-0.543965	0.0886716
-0.56122	0.0614268
-0.5799	0.0319314
-0.600123	-8.08464e-19
-0.622016	-0.0345686
-0.645718	-0.0719918
-0.671376	-0.112505
-0.403254	0.399887
-0.405882	0.395499
-0.408727	0.390748
-0.411807	0.385604
-0.415142	0.380036
-0.418752	0.374007
-0.42266	0.36748
-0.426892	0.360414
-0.431473	0.352764
-0.436432	0.344482
-0.441801	0.335516
-0.447614	0.325808
-0.453908	0.315299
-0.460721	0.303921
-0.468097	0.291603
-0.476083	0.278268
-0.484729	0.26383
-0.494089	0.2482
-0.504222	0.231278
-0.515192	0.212958
-0.527069	0.193124
-0.539927	0.171652
-0.553847	0.148407
-0.568917	0.12324
-0.585232	0.0959954
-0.602895	0.0665001
-0.622016	0.0345686
-0.642717	-3.6475e-19
-0.665127	-0.0374231
-0.689387	-0.0779361
-0.440601	0.437313
-0.443065	0.432924
-0.445733	0.428173
-0.448621	0.42303
-0.451747	0.417461
-0.455132	0.411433
-0.458797	0.404906
-0.462764	0.39784
-0.467059	0.39019
-0.47171	0.381907
-0.476744	0.372941
-0.482194	0.363233
-0.488095	0.352724
-0.494484	0.341346
-0.5014	0.329028
-0.508887	0.315692
-0.516994	0.301254
-0.52577	0.285624
-0.535271	0.268702
-0.545557	0.250382
-0.556693	0.230548
-0.568749	0.209076
-0.581801	0.18583
-0.595931	0.160664
-0.611228	0.133419
-0.627789	0.103923
-0.645718	0.0719918
-0.665127	0.0374231
-0.686139	0
-0.708885	-0.0405129
-0.481033	0.477829
-0.483319	0.473441
-0.485795	0.46869
-0.488474	0.463546
-0.491376	0.457978
-0.494517	0.451949
-0.497918	0.445422
-0.501599	0.438356
-0.505585	0.430706
-0.509901	0.422423
-0.514572	0.413457
-0.51963	0.403749
-0.525106	0.39324
-0.531034	0.381861
-0.537452	0.369543
-0.544401	0.356207
-0.551923	0.34177
-0.560067	0.326139
-0.568884	0.309217
-0.578429	0.290896
-0.588763	0.271063
-0.599951	0.24959
-0.612063	0.226344
-0.625175	0.201178
-0.639371	0.173932
-0.654739	0.144437
-0.671376	0.112505
-0.689387	0.0779361
-0.708885	0.0405129
-0.729994	0
-0.534351	0.530957
-0.536917	0.52646
-0.539689	0.521586
-0.542685	0.516304
-0.545921	0.510578
-0.549416	0.504372
-0.553189	0.497644
-0.557263	0.49035
-0.561659	0.482441
-0.566403	0.473865
-0.571518	0.464564
-0.577033	0.454476
-0.582976	0.443534
-0.589378	0.431662
-0.59627	0.418783
-0.603685	0.404807
-0.611658	0.38964
-0.620224	0.373179
-0.629421	0.355312
-0.639284	0.335918
-0.649853	0.314864
-0.661163	0.292008
-0.673252	0.267196
-0.686153	0.240261
-0.699899	0.211025
-0.714517	0.179296
-0.730029	0.144871
-0.746452	0.107534
-0.763791	0.0670605
-0.782043	0.0232169
-0.597263	0.593418
-0.600564	0.588717
-0.604122	0.583614
-0.607956	0.578071
-0.612085	0.572051
-0.616531	0.565509
-0.621314	0.5584
-0.626457	0.550673
-0.631984	0.54227
-0.637918	0.533131
-0.644284	0.523188
-0.651107	0.512368
-0.658411	0.50059
-0.666221	0.487765
-0.674561	0.473796
-0.683452	0.458576
-0.692913	0.44199
-0.702962	0.42391
-0.713609	0.404197
-0.724859	0.3827
-0.73671	0.359254
-0.749148	0.33368
-0.762148	0.305786
-0.775666	0.275365
-0.789641	0.242197
-0.803985	0.206048
-0.818582	0.166675
-0.833279	0.123828
-0.847882	0.0772566
-0.862149	0.0267159
-0.660192	0.655896
-0.664227	0.650992
-0.668571	0.645658
-0.673243	0.639855
-0.678266	0.633539
-0.683663	0.626662
-0.689455	0.619171
-0.695668	0.611009
-0.702325	0.602112
-0.70945	0.59241
-0.717067	0.581825
-0.725197	0.570272
-0.733862	0.557658
-0.743081	0.543878
-0.752868	0.52882
-0.763235	0.512356
-0.774185	0.494351
-0.785715	0.474651
-0.797813	0.453092
-0.810449	0.429491
-0.823583	0.403652
-0.837149	0.37536
-0.85106	0.344383
-0.865196	0.310476
-0.8794	0.273375
-0.893471	0.232805
-0.907153	0.188483
-0.920124	0.140126
-0.931991	0.087455
-0.942271	0.0302157
-0.723133	0.718386
-0.727903	0.713279
-0.733032	0.707715
-0.738543	0.701651
-0.74446	0.695038
-0.750807	0.687825
-0.757609	0.679953
-0.764891	0.671356
-0.772678	0.661965
-0.780994	0.651699
-0.789861	0.640471
-0.799298	0.628186
-0.809324	0.614735
-0.819952	0.600001
-0.831187	0.583852
-0.843029	0.566145
-0.855468	0.546719
-0.868481	0.525399
-0.882028	0.501993
-0.896052	0.476289
-0.910468	0.448056
-0.925162	0.417045
-0.939985	0.382986
-0.954739	0.345591
-0.969173	0.304557
-0.982971	0.259566
-0.995737	0.210295
-1.00698	0.156426
-1.01611	0.0976549
-1.02241	0.033716
-0.782043	-0.0232169
-0.763791	-0.0670605
-0.746452	-0.107534
-0.730029	-0.144871
-0.714517	-0.179296
-0.699899	-0.211025
-0.686153	-0.240261
-0.673252	-0.267196
-0.661163	-0.292008
-0.649853	-0.314864
-0.639284	-0.335918
-0.629421	-0.355312
-0.620224	-0.373179
-0.611658	-0.38964
-0.603685	-0.404807
-0.59627	-0.418783
-0.589378	-0.431662
-0.582976	-0.443534
-0.577033	-0.454476
-0.571518	-0.464564
-0.566403	-0.473865
-0.561659	-0.482441
-0.557263	-0.49035
-0.553189	-0.497644
-0.549416	-0.504372
-0.545921	-0.510578
-0.542685	-0.516304
-0.539689	-0.521586
-0.536917	-0.52646
-0.534351	-0.530957
-0.862149	-0.0267159
-0.847882	-0.0772566
-0.833279	-0.123828
-0.818582	-0.166675
-0.803985	-0.206048
-0.789641	-0.242197
-0.775666	-0.275365
-0.762148	-0.305786
-0.749148	-0.33368
-0.73671	-0.359254
-0.724859	-0.3827
-0.713609	-0.404197
-0.702962	-0.42391
-0.692913	-0.44199
-0.683452	-0.458576
-0.674561	-0.473796
-0.666221	-0.487765
-0.658411	-0.50059
-0.651107	-0.512368
-0.644284	-0.523188
-0.637918	-0.533131
-0.631984	-0.54227
-0.626457	-0.550673
-0.621314	-0.5584
-0.616531	-0.565509
-0.612085	-0.572051
-0.607956	-0.578071
-0.604122	-0.583614
-0.600564	-0.588717
-0.597263	-0.593418
-0.942271	-0.0302157
-0.931991	-0.087455
-0.920124	-0.140126
-0.907153	-0.188483
-0.893471	-0.232805
-0.8794	-0.273375
-0.865196	-0.310476
-0.85106	-0.344383
-0.837149	-0.37536
-0.823583	-0.403652
-0.810449	-0.429491
-0.797813	-0.453092
-0.785715	-0.474651
-0.774185	-0.494351
-0.763235	-0.512356
-0.752868	-0.52882
-0.743081	-0.543878
-0.733862	-0.557658
-0.725197	-0.570272
-0.717067	-0.581825
-0.70945	-0.59241
-0.702325	-0.602112
-0.695668	-0.611009
-0.689455	-0.619171
-0.683663	-0.626662
-0.678266	-0.633539
-0.673243	-0.639855
-0.668571	-0.645658
-0.664227	-0.650992
-0.660192	-0.655896
-1.02241	-0.033716
-1.01611	-0.0976549
-1.00698	-0.156426
-0.995737	-0.210295
-0.982971	-0.259566
-0.969173	-0.304557
-0.954739	-0.345591
-0.939985	-0.382986
-0.925162	-0.417045
-0.910468	-0.448056
-0.896052	-0.476289
-0.882028	-0.501993
-0.868481	-0.525399
-0.855468	-0.546719
-0.843029	-0.566145
-0.831187	-0.583852
-0.819952	-0.600001
-0.809324	-0.614735
-0.799298	-0.628186
-0.789861	-0.640471
-0.780994	-0.651699
-0.772678	-0.661965
-0.764891	-0.671356
-0.757609	-0.679953
-0.750807	-0.687825
-0.74446	-0.695038
-0.738543	-0.701651
-0.733032	-0.707715
-0.727903	-0.713279
-0.723133	-0.718386
-6.22356e-20	-0.00420822
0.00438812	-0.00858711
0.00913884	-0.0133278
0.0142821	-0.0184603
0.0198504	-0.0240169
0.0258789	-0.0300327
0.0324054	-0.0365455
0.0394713	-0.0435965
0.0471211	-0.0512302
0.0554029	-0.0594947
0.0643691	-0.068442
0.0740762	-0.0781287
0.0845854	-0.0886158
0.0959629	-0.0999694
0.108281	-0.112261
0.121616	-0.125569
0.136053	-0.139975
0.151683	-0.155573
0.168605	-0.172459
0.186925	-0.19074
0.206758	-0.210532
0.22823	-0.231958
0.251476	-0.255156
0.276642	-0.280269
0.303888	-0.307457
0.333384	-0.336891
0.365317	-0.368757
0.399887	-0.403254
0.437313	-0.440601
0.477829	-0.481033
-0.00438812	-0.00858711
-5.33314e-20	-0.0129468
0.00475072	-0.0176667
0.00989402	-0.0227767
0.0154623	-0.0283089
0.0214907	-0.0342982
0.0280173	-0.0407825
0.0350832	-0.0478026
0.0427329	-0.0554028
0.0510148	-0.063631
0.059981	-0.072539
0.0696881	-0.0821832
0.0801973	-0.0926243
0.0915748	-0.103928
0.103892	-0.116166
0.117228	-0.129415
0.131665	-0.143759
0.147295	-0.159288
0.164217	-0.176099
0.182537	-0.1943
0.20237	-0.214005
0.223842	-0.235338
0.247088	-0.258433
0.272254	-0.283437
0.2995	-0.310505
0.328996	-0.33981
0.360928	-0.371536
0.395499	-0.405882
0.432924	-0.443065
0.473441	-0.483319
-0.00913884	-0.0133278
-0.00475072	-0.0176667
9.14376e-20	-0.0223641
0.00514329	-0.0274497
0.0107116	-0.0329555
0.01674	-0.0389163
0.0232666	-0.0453696
0.0303325	-0.0523562
0.0379822	-0.0599201
0.0462641	-0.0681091
0.0552303	-0.0769746
0.0649374	-0.0865728
0.0754465	-0.096964
0.0868241	-0.108214
0.0991417	-0.120393
0.112477	-0.133579
0.126914	-0.147854
0.142545	-0.163309
0.159466	-0.180041
0.177786	-0.198155
0.197619	-0.217766
0.219091	-0.238997
0.242337	-0.261982
0.267503	-0.286866
0.294749	-0.313805
0.324245	-0.342971
0.356178	-0.374545
0.390748	-0.408727
0.428173	-0.445733
0.46869	-0.485795
-0.0142821	-0.0184603
-0.00989402	-0.0227767
-0.00514329	-0.0274497
1.56837e-19	-0.0325089
0.0055683	-0.0379861
0.0115967	-0.043916
0.0181233	-0.0503358
0.0251892	-0.0572861
0.0328389	-0.0648108
0.0411208	-0.0729572
0.050087	-0.0817768
0.0597941	-0.0913251
0.0703032	-0.101662
0.0816808	-0.112854
0.0939984	-0.12497
0.107334	-0.138087
0.121771	-0.152289
0.137401	-0.167663
0.154323	-0.184308
0.172643	-0.202328
0.192476	-0.221837
0.213948	-0.242958
0.237194	-0.265824
0.26236	-0.290578
0.289605	-0.317378
0.319102	-0.346392
0.351034	-0.377802
0.385604	-0.411807
0.42303	-0.448621
0.463546	-0.488474
-0.0198504	-0.0240169
-0.0154623	-0.0283089
-0.0107116	-0.0329555
-0.0055683	-0.0379861
6.72843e-20	-0.0434324
0.00602843	-0.0493288
0.012555	-0.0557124
0.0196209	-0.0626234
0.0272706	-0.0701056
0.0355525	-0.078206
0.0445187	-0.0869757
0.0542258	-0.0964701
0.0647349	-0.106749
0.0761125	-0.117877
0.0884301	-0.129925
0.101766	-0.142968
0.116203	-0.157089
0.131833	-0.172377
0.148755	-0.188928
0.167074	-0.206846
0.186908	-0.226245
0.20838	-0.247246
0.231625	-0.269983
0.256792	-0.294598
0.284037	-0.321246
0.313533	-0.350096
0.345466	-0.381329
0.380036	-0.415142
0.417461	-0.451747
0.457978	-0.491376
-0.0258789	-0.0300327
-0.0214907	-0.0342982
-0.01674	-0.0389163
-0.0115967	-0.043916
-0.00602843	-0.0493288
0	-0.0551889
0.00652657	-0.0615332
0.0135925	-0.0684017
0.0212422	-0.0758379
0.0295241	-0.0838884
0.0384903	-0.0926043
0.0481973	-0.10204
0.0587065	-0.112256
0.070084	-0.123316
0.0824017	-0.135289
0.0957371	-0.148252
0.110174	-0.162287
0.125805	-0.17748
0.142726	-0.193929
0.161046	-0.211737
0.180879	-0.231017
0.202351	-0.251889
0.225597	-0.274486
0.250763	-0.298949
0.278009	-0.325434
0.307505	-0.354106
0.339437	-0.385147
0.374007	-0.418752
0.411433	-0.455132
0.451949	-0.494517
-0.0324054	-0.0365455
-0.0280173	-0.0407825
-0.0232666	-0.0453696
-0.0181233	-0.0503358
-0.012555	-0.0557124
-0.00652657	-0.0615332
-9.92228e-20	-0.067835
0.00706588	-0.0746575
0.0147156	-0.0820438
0.0229975	-0.0900405
0.0319637	-0.0986979
0.0416708	-0.108071
0.0521799	-0.118218
0.0635575	-0.129204
0.0758751	-0.141097
0.0892105	-0.153973
0.103648	-0.167913
0.119278	-0.183005
0.1362	-0.199344
0.154519	-0.217033
0.174353	-0.236183
0.195824	-0.256916
0.21907	-0.279361
0.244237	-0.303661
0.271482	-0.329968
0.300978	-0.358448
0.33291	-0.389281
0.36748	-0.42266
0.404906	-0.458797
0.445422	-0.497918
-0.0394713	-0.0435965
-0.0350832	-0.0478026
-0.0303325	-0.0523562
-0.0251892	-0.0572861
-0.0196209	-0.0626234
-0.0135925	-0.0684017
-0.00706588	-0.0746575
-8.52764e-20	-0.0814303
0.00764975	-0.0887626
0.0159316	-0.0967009
0.0248978	-0.105295
0.0346049	-0.114599
0.045114	-0.124673
0.0564916	-0.135578
0.0688092	-0.147385
0.0821446	-0.160167
0.0965819	-0.174005
0.112212	-0.188987
0.129134	-0.205206
0.147453	-0.222766
0.167287	-0.241776
0.188758	-0.262357
0.212004	-0.284639
0.237171	-0.308761
0.264416	-0.334876
0.293912	-0.363148
0.325844	-0.393756
0.360414	-0.426892
0.39784	-0.462764
0.438356	-0.501599
-0.0471211	-0.0512302
-0.0427329	-0.0554028
-0.0379822	-0.0599201
-0.0328389	-0.0648108
-0.0272706	-0.0701056
-0.0212422	-0.0758379
-0.0147156	-0.0820438
-0.00764975	-0.0887626
0	-0.0960366
0.00828186	-0.103912
0.017248	-0.112437
0.0269551	-0.121668
0.0374643	-0.131661
0.0488418	-0.142479
0.0611595	-0.154192
0.0744949	-0.166872
0.0889321	-0.1806
0.104562	-0.195463
0.121484	-0.211553
0.139804	-0.228973
0.159637	-0.247832
0.181109	-0.268249
0.204355	-0.290353
0.229521	-0.314283
0.256766	-0.34019
0.286262	-0.368237
0.318194	-0.398601
0.352764	-0.431473
0.39019	-0.467059
0.430706	-0.505585
-0.0554029	-0.0594947
-0.0510148	-0.063631
-0.0462641	-0.0681091
-0.0411208	-0.0729572
-0.0355525	-0.078206
-0.0295241	-0.0838884
-0.0229975	-0.0900405
-0.0159316	-0.0967009
-0.00828186	-0.103912
0	-0.111718
0.00896619	-0.12017
0.0186733	-0.12932
0.0291824	-0.139226
0.04056	-0.149951
0.0528776	-0.161561
0.066213	-0.174132
0.0806503	-0.18774
0.0962804	-0.202474
0.113202	-0.218424
0.131522	-0.235692
0.151355	-0.254388
0.172827	-0.274627
0.196073	-0.296539
0.221239	-0.320261
0.248484	-0.345943
0.27798	-0.373746
0.309912	-0.403846
0.344482	-0.436432
0.381907	-0.47171
0.422423	-0.509901
-0.0643691	-0.068442
-0.059981	-0.072539
-0.0552303	-0.0769746
-0.050087	-0.0817768
-0.0445187	-0.0869757
-0.0384903	-0.0926043
-0.0319637	-0.0986979
-0.0248978	-0.105295
-0.017248	-0.112437
-0.00896619	-0.12017
0	-0.128541
0.00970707	-0.137605
0.0202162	-0.147417
0.0315938	-0.158039
0.0439114	-0.16954
0.0572468	-0.181991
0.0716841	-0.19547
0.0873142	-0.210064
0.104236	-0.225863
0.122555	-0.242967
0.142389	-0.261485
0.163861	-0.281533
0.187106	-0.303236
0.212273	-0.326733
0.239518	-0.352171
0.269014	-0.379711
0.300946	-0.409525
0.335516	-0.441801
0.372941	-0.476744
0.413457	-0.514572
-0.0740762	-0.0781287
-0.0696881	-0.0821832
-0.0649374	-0.0865728
-0.0597941	-0.0913251
-0.0542258	-0.0964701
-0.0481973	-0.10204
-0.0416708	-0.108071
-0.0346049	-0.114599
-0.0269551	-0.121668
-0.0186733	-0.12932
-0.00970707	-0.137605
1.87483e-19	-0.146574
0.0105092	-0.156284
0.0218867	-0.166797
0.0342043	-0.178178
0.0475397	-0.190499
0.061977	-0.203839
0.0776071	-0.218281
0.0945287	-0.233916
0.112848	-0.250843
0.132682	-0.269169
0.154153	-0.289008
0.177399	-0.310487
0.202565	-0.33374
0.229811	-0.358914
0.259306	-0.386168
0.291239	-0.415673
0.325808	-0.447614
0.363233	-0.482194
0.403749	-0.51963
-0.0845854	-0.0886158
-0.0801973	-0.0926243
-0.0754465	-0.096964
-0.0703032	-0.101662
-0.0647349	-0.106749
-0.0587065	-0.112256
-0.0521799	-0.118218
-0.045114	-0.124673
-0.0374643	-0.131661
-0.0291824	-0.139226
-0.0202162	-0.147417
-0.0105092	-0.156284
-1.6179e-19	-0.165884
0.0113775	-0.176277
0.0236952	-0.187529
0.0370306	-0.199711
0.0514678	-0.2129
0.0670979	-0.227178
0.0840195	-0.242635
0.102339	-0.25937
0.122172	-0.277488
0.143644	-0.297102
0.16689	-0.318337
0.192056	-0.341326
0.219301	-0.366214
0.248797	-0.393159
0.280729	-0.422329
0.315299	-0.453908
0.352724	-0.488095
0.39324	-0.525106
-0.0959629	-0.0999694
-0.0915748	-0.103928
-0.0868241	-0.108214
-0.0816808	-0.112854
-0.0761125	-0.117877
-0.070084	-0.123316
-0.0635575	-0.129204
-0.0564916	-0.135578
-0.0488418	-0.142479
-0.04056	-0.149951
-0.0315938	-0.158039
-0.0218867	-0.166797
-0.0113775	-0.176277
-1.39772e-19	-0.186541
0.0123176	-0.197654
0.025653	-0.209684
0.0400903	-0.222709
0.0557204	-0.236809
0.072642	-0.252075
0.0909616	-0.268602
0.110795	-0.286494
0.132267	-0.305865
0.155512	-0.326835
0.180678	-0.349539
0.207924	-0.374118
0.237419	-0.400727
0.269352	-0.429534
0.303921	-0.460721
0.341346	-0.494484
0.381861	-0.531034
-0.108281	-0.112261
-0.103892	-0.116166
-0.0991417	-0.120393
-0.0939984	-0.12497
-0.0884301	-0.129925
-0.0824017	-0.135289
-0.0758751	-0.141097
-0.0688092	-0.147385
-0.0611595	-0.154192
-0.0528776	-0.161561
-0.0439114	-0.16954
-0.0342043	-0.178178
-0.0236952	-0.187529
-0.0123176	-0.197654
-1.20896e-19	-0.208615
0.0133354	-0.220481
0.0277726	-0.233328
0.0434028	-0.247236
0.0603243	-0.262294
0.078644	-0.278596
0.0984772	-0.296244
0.119949	-0.315351
0.143195	-0.336036
0.168361	-0.35843
0.195606	-0.382674
0.225102	-0.408921
0.257034	-0.437336
0.291603	-0.468097
0.329028	-0.5014
0.369543	-0.537452
-0.121616	-0.125569
-0.117228	-0.129415
-0.112477	-0.133579
-0.107334	-0.138087
-0.101766	-0.142968
-0.0957371	-0.148252
-0.0892105	-0.153973
-0.0821446	-0.160167
-0.0744949	-0.166872
-0.066213	-0.174132
-0.0572468	-0.181991
-0.0475397	-0.190499
-0.0370306	-0.199711
-0.025653	-0.209684
-0.0133354	-0.220481
0	-0.23217
0.0144372	-0.244825
0.0300674	-0.258525
0.0469889	-0.273358
0.0653085	-0.289416
0.0851417	-0.3068
0.106614	-0.325621
0.129859	-0.345997
0.155025	-0.368056
0.18227	-0.391938
0.211766	-0.417792
0.243698	-0.445782
0.278268	-0.476083
0.315692	-0.508887
0.356207	-0.544401
-0.136053	-0.139975
-0.131665	-0.143759
-0.126914	-0.147854
-0.121771	-0.152289
-0.116203	-0.157089
-0.110174	-0.162287
-0.103648	-0.167913
-0.0965819	-0.174005
-0.0889321	-0.1806
-0.0806503	-0.18774
-0.0716841	-0.19547
-0.061977	-0.203839
-0.0514678	-0.2129
-0.0400903	-0.222709
-0.0277726	-0.233328
-0.0144372	-0.244825
-3.63313e-19	-0.257272
0.0156301	-0.270747
0.0325517	-0.285336
0.0508713	-0.30113
0.0707045	-0.318229
0.0921762	-0.33674
0.115422	-0.356781
0.140588	-0.378478
0.167833	-0.401966
0.197329	-0.427396
0.229261	-0.454925
0.26383	-0.484729
0.301254	-0.516994
0.34177	-0.551923
-0.151683	-0.155573
-0.147295	-0.159288
-0.142545	-0.163309
-0.137401	-0.167663
-0.131833	-0.172377
-0.125805	-0.17748
-0.119278	-0.183005
-0.112212	-0.188987
-0.104562	-0.195463
-0.0962804	-0.202474
-0.0873142	-0.210064
-0.0776071	-0.218281
-0.0670979	-0.227178
-0.0557204	-0.236809
-0.0434028	-0.247236
-0.0300674	-0.258525
-0.0156301	-0.270747
1.57839e-19	-0.283978
0.0169215	-0.298303
0.0352412	-0.313811
0.0550743	-0.330601
0.0765461	-0.348778
0.0997917	-0.368456
0.124958	-0.38976
0.152203	-0.412824
0.181698	-0.437793
0.21363	-0.464824
0.2482	-0.494089
0.285624	-0.52577
0.326139	-0.560067
-0.168605	-0.172459
-0.164217	-0.176099
-0.159466	-0.180041
-0.154323	-0.184308
-0.148755	-0.188928
-0.142726	-0.193929
-0.1362	-0.199344
-0.129134	-0.205206
-0.121484	-0.211553
-0.113202	-0.218424
-0.104236	-0.225863
-0.0945287	-0.233916
-0.0840195	-0.242635
-0.072642	-0.252075
-0.0603243	-0.262294
-0.0469889	-0.273358
-0.0325517	-0.285336
-0.0169215	-0.298303
2.74808e-19	-0.312342
0.0183196	-0.327541
0.0381528	-0.343996
0.0596245	-0.36181
0.0828702	-0.381095
0.108036	-0.401974
0.135281	-0.424578
0.164777	-0.449049
0.196708	-0.475541
0.231278	-0.504222
0.268702	-0.535271
0.309217	-0.568884
-0.186925	-0.19074
-0.182537	-0.1943
-0.177786	-0.198155
-0.172643	-0.202328
-0.167074	-0.206846
-0.161046	-0.211737
-0.154519	-0.217033
-0.147453	-0.222766
-0.139804	-0.228973
-0.131522	-0.235692
-0.122555	-0.242967
-0.112848	-0.250843
-0.102339	-0.25937
-0.0909616	-0.268602
-0.078644	-0.278596
-0.0653085	-0.289416
-0.0508713	-0.30113
-0.0352412	-0.313811
-0.0183196	-0.327541
4.79481e-19	-0.342405
0.0198332	-0.358497
0.0413049	-0.375919
0.0645505	-0.394779
0.0897165	-0.415198
0.116961	-0.437304
0.146457	-0.461236
0.178389	-0.487144
0.212958	-0.515192
0.250382	-0.545557
0.290896	-0.578429
-0.206758	-0.210532
-0.20237	-0.214005
-0.197619	-0.217766
-0.192476	-0.221837
-0.186908	-0.226245
-0.180879	-0.231017
-0.174353	-0.236183
-0.167287	-0.241776
-0.159637	-0.247832
-0.151355	-0.254388
-0.142389	-0.261485
-0.132682	-0.269169
-0.122172	-0.277488
-0.110795	-0.286494
-0.0984772	-0.296244
-0.0851417	-0.3068
-0.0707045	-0.318229
-0.0550743	-0.330601
-0.0381528	-0.343996
-0.0198332	-0.358497
0	-0.374196
0.0214717	-0.391193
0.0447173	-0.409594
0.0698833	-0.429514
0.0971282	-0.451081
0.126624	-0.474429
0.158555	-0.499705
0.193124	-0.527069
0.230548	-0.556693
0.271063	-0.588763
-0.22823	-0.231958
-0.223842	-0.235338
-0.219091	-0.238997
-0.213948	-0.242958
-0.20838	-0.247246
-0.202351	-0.251889
-0.195824	-0.256916
-0.188758	-0.262357
-0.181109	-0.268249
-0.172827	-0.274627
-0.163861	-0.281533
-0.154153	-0.289008
-0.143644	-0.297102
-0.132267	-0.305865
-0.119949	-0.315351
-0.106614	-0.325621
-0.0921762	-0.33674
-0.0765461	-0.348778
-0.0596245	-0.36181
-0.0413049	-0.375919
-0.0214717	-0.391193
0	-0.407729
0.0232456	-0.425632
0.0484115	-0.445013
0.0756564	-0.465996
0.105152	-0.488712
0.137083	-0.513304
0.171652	-0.539927
0.209076	-0.568749
0.24959	-0.599951
-0.251476	-0.255156
-0.247088	-0.258433
-0.242337	-0.261982
-0.237194	-0.265824
-0.231625	-0.269983
-0.225597	-0.274486
-0.21907	-0.279361
-0.212004	-0.284639
-0.204355	-0.290353
-0.196073	-0.296539
-0.187106	-0.303236
-0.177399	-0.310487
-0.16689	-0.318337
-0.155512	-0.326835
-0.143195	-0.336036
-0.129859	-0.345997
-0.115422	-0.356781
-0.0997917	-0.368456
-0.0828702	-0.381095
-0.0645505	-0.394779
-0.0447173	-0.409594
-0.0232456	-0.425632
0	-0.442995
0.0251659	-0.461793
0.0524108	-0.482143
0.0819061	-0.504175
0.113838	-0.528026
0.148407	-0.553847
0.18583	-0.581801
0.226344	-0.612063
-0.276642	-0.280269
-0.272254	-0.283437
-0.267503	-0.286866
-0.26236	-0.290578
-0.256792	-0.294598
-0.250763	-0.298949
-0.244237	-0.303661
-0.237171	-0.308761
-0.229521	-0.314283
-0.221239	-0.320261
-0.212273	-0.326733
-0.202565	-0.33374
-0.192056	-0.341326
-0.180678	-0.349539
-0.168361	-0.35843
-0.155025	-0.368056
-0.140588	-0.378478
-0.124958	-0.38976
-0.108036	-0.401974
-0.0897165	-0.415198
-0.0698833	-0.429514
-0.0484115	-0.445013
-0.0251659	-0.461793
0	-0.479958
0.0272448	-0.499625
0.0567401	-0.520915
0.0886716	-0.543965
0.12324	-0.568917
0.160664	-0.595931
0.201178	-0.625175
-0.303888	-0.307457
-0.2995	-0.310505
-0.294749	-0.313805
-0.289605	-0.317378
-0.284037	-0.321246
-0.278009	-0.325434
-0.271482	-0.329968
-0.264416	-0.334876
-0.256766	-0.34019
-0.248484	-0.345943
-0.239518	-0.352171
-0.229811	-0.358914
-0.219301	-0.366214
-0.207924	-0.374118
-0.195606	-0.382674
-0.18227	-0.391938
-0.167833	-0.401966
-0.152203	-0.412824
-0.135281	-0.424578
-0.116961	-0.437304
-0.0971282	-0.451081
-0.0756564	-0.465996
-0.0524108	-0.482143
-0.0272448	-0.499625
0	-0.51855
0.0294953	-0.539039
0.0614268	-0.56122
0.0959954	-0.585232
0.133419	-0.611228
0.173932	-0.639371
-0.333384	-0.336891
-0.328996	-0.33981
-0.324245	-0.342971
-0.319102	-0.346392
-0.313533	-0.350096
-0.307505	-0.354106
-0.300978	-0.358448
-0.293912	-0.363148
-0.286262	-0.368237
-0.27798	-0.373746
-0.269014	-0.379711
-0.259306	-0.386168
-0.248797	-0.393159
-0.237419	-0.400727
-0.225102	-0.408921
-0.211766	-0.417792
-0.197329	-0.427396
-0.181698	-0.437793
-0.164777	-0.449049
-0.146457	-0.461236
-0.126624	-0.474429
-0.105152	-0.488712
-0.0819061	-0.504175
-0.0567401	-0.520915
-0.0294953	-0.539039
-4.511e-19	-0.558659
0.0319314	-0.5799
0.0665001	-0.602895
0.103923	-0.627789
0.144437	-0.654739
-0.365317	-0.368757
-0.360928	-0.371536
-0.356178	-0.374545
-0.351034	-0.377802
-0.345466	-0.381329
-0.339437	-0.385147
-0.33291	-0.389281
-0.325844	-0.393756
-0.318194	-0.398601
-0.309912	-0.403846
-0.300946	-0.409525
-0.291239	-0.415673
-0.280729	-0.422329
-0.269352	-0.429534
-0.257034	-0.437336
-0.243698	-0.445782
-0.229261	-0.454925
-0.21363	-0.464824
-0.196708	-0.475541
-0.178389	-0.487144
-0.158555	-0.499705
-0.137083	-0.513304
-0.113838	-0.528026
-0.0886716	-0.543965
-0.0614268	-0.56122
-0.0319314	-0.5799
8.08464e-19	-0.600123
0.0345686	-0.622016
0.0719918	-0.645718
0.112505	-0.671376
-0.399887	-0.403254
-0.395499	-0.405882
-0.390748	-0.408727
-0.385604	-0.411807
-0.380036	-0.415142
-0.374007	-0.418752
-0.36748	-0.42266
-0.360414	-0.426892
-0.352764	-0.431473
-0.344482	-0.436432
-0.335516	-0.441801
-0.325808	-0.447614
-0.315299	-0.453908
-0.303921	-0.460721
-0.291603	-0.468097
-0.278268	-0.476083
-0.26383	-0.484729
-0.2482	-0.494089
-0.231278	-0.504222
-0.212958	-0.515192
-0.193124	-0.527069
-0.171652	-0.539927
-0.148407	-0.553847
-0.12324	-0.568917
-0.0959954	-0.585232
-0.0665001	-0.602895
-0.0345686	-0.622016
3.6475e-19	-0.642717
0.0374231	-0.665127
0.0779361	-0.689387
-0.437313	-0.440601
-0.432924	-0.443065
-0.428173	-0.445733
-0.42303	-0.448621
-0.417461	-0.451747
-0.411433	-0.455132
-0.404906	-0.458797
-0.39784	-0.462764
-0.39019	-0.467059
-0.381907	-0.47171
-0.372941	-0.476744
-0.363233	-0.482194
-0.352724	-0.488095
-0.341346	-0.494484
-0.329028	-0.5014
-0.315692	-0.508887
-0.301254	-0.516994
-0.285624	-0.52577
-0.268702	-0.535271
-0.250382	-0.545557
-0.230548	-0.556693
-0.209076	-0.568749
-0.18583	-0.581801
-0.160664	-0.595931
-0.133419	-0.611228
-0.103923	-0.627789
-0.0719918	-0.645718
-0.0374231	-0.665127
0	-0.686139
0.0405129	-0.708885
-0.477829	-0.481033
-0.473441	-0.483319
-0.46869	-0.485795
-0.463546	-0.488474
-0.457978	-0.491376
-0.451949	-0.494517
-0.445422	-0.497918
-0.438356	-0.501599
-0.430706	-0.505585
-0.422423	-0.509901
-0.413457	-0.514572
-0.403749	-0.51963
-0.39324	-0.525106
-0.381861	-0.531034
-0.369543	-0.537452
-0.356207	-0.544401
-0.34177	-0.551923
-0.326139	-0.560067
-0.309217	-0.568884
-0.290896	-0.578429
-0.271063	-0.588763
-0.24959	-0.599951
-0.226344	-0.612063
-0.201178	-0.625175
-0.173932	-0.639371
-0.144437	-0.654739
-0.112505	-0.671376
-0.0779361	-0.689387
-0.0405129	-0.708885
0	-0.729994
-0.530957	-0.534351
-0.52646	-0.536917
-0.521586	-0.539689
-0.516304	-0.542685
-0.510578	-0.545921
-0.504372	-0.549415
-0.497645	-0.553189
-0.49035	-0.557263
-0.482442	-0.561659
-0.473865	-0.566403
-0.464564	-0.571518
-0.454476	-0.577033
-0.443534	-0.582976
-0.431663	-0.589378
-0.418783	-0.59627
-0.404807	-0.603685
-0.38964	-0.611658
-0.373179	-0.620224
-0.355312	-0.629421
-0.335918	-0.639284
-0.314864	-0.649853
-0.292008	-0.661163
-0.267196	-0.673252
-0.240261	-0.686153
-0.211025	-0.699899
-0.179296	-0.714517
-0.144871	-0.730029
-0.107535	-0.746452
-0.0670605	-0.763791
-0.0232169	-0.782043
-0.593418	-0.597263
-0.588718	-0.600563
-0.583614	-0.604121
-0.578072	-0.607955
-0.572051	-0.612085
-0.56551	-0.616531
-0.558401	-0.621314
-0.550673	-0.626457
-0.54227	-0.631984
-0.533131	-0.637918
-0.523188	-0.644284
-0.512368	-0.651107
-0.50059	-0.658411
-0.487765	-0.666221
-0.473796	-0.674561
-0.458577	-0.683452
-0.44199	-0.692913
-0.423911	-0.702962
-0.404198	-0.713608
-0.3827	-0.724859
-0.359254	-0.736709
-0.33368	-0.749148
-0.305786	-0.762148
-0.275365	-0.775666
-0.242197	-0.789641
-0.206048	-0.803985
-0.166675	-0.818582
-0.123829	-0.833279
-0.0772567	-0.847882
-0.0267159	-0.862149
-0.655896	-0.660191
-0.650993	-0.664227
-0.645659	-0.66857
-0.639856	-0.673243
-0.63354	-0.678266
-0.626662	-0.683662
-0.619172	-0.689455
-0.61101	-0.695668
-0.602113	-0.702325
-0.59241	-0.70945
-0.581826	-0.717066
-0.570273	-0.725196
-0.557659	-0.733862
-0.543879	-0.74308
-0.52882	-0.752868
-0.512357	-0.763234
-0.494351	-0.774185
-0.474652	-0.785715
-0.453092	-0.797812
-0.429492	-0.810449
-0.403652	-0.823582
-0.37536	-0.837149
-0.344384	-0.85106
-0.310476	-0.865196
-0.273375	-0.8794
-0.232805	-0.893471
-0.188484	-0.907153
-0.140126	-0.920124
-0.0874551	-0.931991
-0.0302157	-0.942271
-0.718387	-0.723132
-0.713279	-0.727902
-0.707716	-0.733031
-0.701651	-0.738542
-0.695039	-0.744459
-0.687826	-0.750806
-0.679953	-0.757608
-0.671357	-0.76489
-0.661965	-0.772678
-0.6517	-0.780993
-0.640472	-0.78986
-0.628187	-0.799298
-0.614736	-0.809324
-0.600002	-0.819951
-0.583853	-0.831186
-0.566145	-0.843028
-0.54672	-0.855468
-0.5254	-0.86848
-0.501994	-0.882028
-0.476289	-0.896051
-0.448057	-0.910467
-0.417046	-0.925162
-0.382987	-0.939984
-0.345592	-0.954738
-0.304557	-0.969173
-0.259566	-0.982971
-0.210295	-0.995737
-0.156426	-1.00698
-0.097655	-1.01611
-0.033716	-1.02241
0.0232169	-0.782043
0.0670605	-0.763791
0.107535	-0.746452
0.144871	-0.730029
0.179296	-0.714517
0.211025	-0.699899
0.240261	-0.686153
0.267196	-0.673252
0.292008	-0.661163
0.314864	-0.649853
0.335918	-0.639284
0.355312	-0.629421
0.373179	-0.620224
0.38964	-0.611658
0.404807	-0.603685
0.418783	-0.59627
0.431663	-0.589378
0.443534	-0.582976
0.454476	-0.577033
0.464564	-0.571518
0.473865	-0.566403
0.482442	-0.561659
0.49035	-0.557263
0.497645	-0.553189
0.504372	-0.549415
0.510578	-0.545921
0.516304	-0.542685
0.521586	-0.539689
0.52646	-0.536917
0.530957	-0.534351
0.0267159	-0.862149
0.0772567	-0.847882
0.123829	-0.833279
0.166675	-0.818582
0.206048	-0.803985
0.242197	-0.789641
0.275365	-0.775666
0.305786	-0.762148
0.33368	-0.749148
0.359254	-0.736709
0.3827	-0.724859
0.404198	-0.713608
0.423911	-0.702962
0.44199	-0.692913
0.458577	-0.683452
0.473796	-0.674561
0.487765	-0.666221
0.50059	-0.658411
0.512368	-0.651107
0.523188	-0.644284
0.533131	-0.637918
0.54227	-0.631984
0.550673	-0.626457
0.558401	-0.621314
0.56551	-0.616531
0.572051	-0.612085
0.578072	-0.607955
0.583614	-0.604121
0.588718	-0.600563
0.593418	-0.597263
0.0302157	-0.942271
0.0874551	-0.931991
0.140126	-0.920124
0.188484	-0.907153
0.232805	-0.893471
0.273375	-0.8794
0.310476	-0.865196
0.344384	-0.85106
0.37536	-0.837149
0.403652	-0.823582
0.429492	-0.810449
0.453092	-0.797812
0.474652	-0.785715
0.494351	-0.774185
0.512357	-0.763234
0.52882	-0.752868
0.543879	-0.74308
0.557659	-0.733862
0.570273	-0.725196
0.581826	-0.717066
0.59241	-0.70945
0.602113	-0.702325
0.61101	-0.695668
0.619172	-0.689455
0.626662	-0.683662
0.63354	-0.678266
0.639856	-0.673243
0.645659	-0.66857
0.650993	-0.664227
0.655896	-0.660191
0.033716	-1.02241
0.097655	-1.01611
0.156426	-1.00698
0.210295	-0.995737
0.259566	-0.982971
0.304557	-0.969173
0.345592	-0.954738
0.382987	-0.939984
0.417046	-0.925162
0.448057	-0.910467
0.476289	-0.896051
0.501994	-0.882028
0.5254	-0.86848
0.54672	-0.855468
0.566145	-0.843028
0.583853	-0.831186
0.600002	-0.819951
0.614736	-0.809324
0.628187	-0.799298
0.640472	-0.78986
0.6517	-0.780993
0.661965	-0.772678
0.671357	-0.76489
0.679953	-0.757608
0.687826	-0.750806
0.695039	-0.744459
0.701651	-0.738542
0.707716	-0.733031
0.713279	-0.727902
0.718387	-0.723132
