(
0.00395881
0.00807819
0.012538
0.0173663
0.0225935
0.0282528
0.0343796
0.0410128
0.048194
0.0559687
0.0643858
0.0734984
0.0833639
0.0940447
0.105608
0.118127
0.13168
0.146353
0.162238
0.179436
0.198054
0.218211
0.240034
0.263659
0.289236
0.316925
0.346902
0.379355
0.414489
0.452524
0.00807819
0.0121795
0.0166197
0.0214268
0.0266312
0.0322655
0.0383655
0.0449696
0.0521193
0.0598599
0.06824
0.0773126
0.0871349
0.0977688
0.109281
0.121745
0.135239
0.149847
0.165663
0.182785
0.201322
0.221391
0.243117
0.266639
0.292103
0.319671
0.349517
0.381827
0.416807
0.454675
0.012538
0.0166197
0.0210387
0.0258229
0.0310024
0.0366099
0.0426808
0.0492533
0.056369
0.0640726
0.0724127
0.081442
0.0912174
0.101801
0.113258
0.125663
0.139092
0.153631
0.169371
0.186411
0.20486
0.224833
0.246455
0.269865
0.295208
0.322644
0.352347
0.384504
0.419316
0.457004
0.0173663
0.0214268
0.0258229
0.0305822
0.0357349
0.0413133
0.0473526
0.0538911
0.0609698
0.0686334
0.0769302
0.0859127
0.0956374
0.106166
0.117564
0.129904
0.143263
0.157727
0.173385
0.190337
0.20869
0.228559
0.25007
0.273357
0.298569
0.325863
0.355412
0.387401
0.422033
0.459525
0.0225935
0.0266312
0.0310024
0.0357349
0.0408584
0.0464053
0.0524105
0.058912
0.0659507
0.0735711
0.0818211
0.0907528
0.100423
0.110891
0.122225
0.134495
0.147779
0.162161
0.177731
0.194587
0.212836
0.232593
0.253982
0.277138
0.302208
0.329348
0.358729
0.390538
0.424974
0.462254
0.0282528
0.0322655
0.0366099
0.0413133
0.0464053
0.0519181
0.0578864
0.0643479
0.0713433
0.0789168
0.087116
0.0959928
0.105603
0.116007
0.127271
0.139466
0.152669
0.166962
0.182436
0.199189
0.217326
0.236961
0.258218
0.281232
0.306147
0.33312
0.362321
0.393934
0.428159
0.465209
0.0343796
0.0383655
0.0426808
0.0473526
0.0524105
0.0578864
0.0638147
0.0702329
0.0771815
0.0847042
0.0928485
0.101666
0.111212
0.121546
0.132735
0.144848
0.157962
0.172159
0.18753
0.20417
0.222186
0.241689
0.262805
0.285664
0.310412
0.337204
0.36621
0.397611
0.431606
0.468408
0.0410128
0.0449696
0.0492533
0.0538911
0.058912
0.0643479
0.0702329
0.0766043
0.0835021
0.0909699
0.0990547
0.107808
0.117284
0.127543
0.13865
0.150674
0.163693
0.177786
0.193045
0.209564
0.227447
0.246809
0.26777
0.290462
0.315029
0.341626
0.37042
0.401592
0.435338
0.471872
0.048194
0.0521193
0.056369
0.0609698
0.0659507
0.0713433
0.0771815
0.0835021
0.090345
0.0977533
0.105774
0.114457
0.123858
0.134035
0.145054
0.156982
0.169897
0.183878
0.199015
0.215403
0.233144
0.252351
0.273145
0.295657
0.320028
0.346413
0.374978
0.405901
0.439379
0.475622
0.0559687
0.0598599
0.0640726
0.0686334
0.0735711
0.0789168
0.0847042
0.0909699
0.0977533
0.105097
0.113048
0.121656
0.130975
0.141064
0.151986
0.163812
0.176614
0.190474
0.205479
0.221724
0.239311
0.258351
0.278965
0.301281
0.32544
0.351596
0.379912
0.410567
0.443754
0.479681
0.0643858
0.06824
0.0724127
0.0769302
0.0818211
0.087116
0.0928485
0.0990547
0.105774
0.113048
0.120923
0.129449
0.13868
0.148673
0.159492
0.171205
0.183886
0.197614
0.212477
0.228568
0.245988
0.264847
0.285265
0.307369
0.3313
0.357207
0.385254
0.415618
0.44849
0.484076
0.0734984
0.0773126
0.081442
0.0859127
0.0907528
0.0959928
0.101666
0.107808
0.114457
0.121656
0.129449
0.137887
0.147022
0.156911
0.167618
0.179209
0.191759
0.205345
0.220053
0.235977
0.253216
0.27188
0.292086
0.313961
0.337643
0.363281
0.391038
0.421086
0.453617
0.488834
0.0833639
0.0871349
0.0912174
0.0956374
0.100423
0.105603
0.111212
0.117284
0.123858
0.130975
0.13868
0.147022
0.156053
0.16583
0.176415
0.187875
0.200282
0.213714
0.228255
0.243999
0.261042
0.279494
0.299471
0.321097
0.344511
0.369858
0.397299
0.427007
0.459168
0.493985
0.0940447
0.0977688
0.101801
0.106166
0.110891
0.116007
0.121546
0.127543
0.134035
0.141064
0.148673
0.156911
0.16583
0.175486
0.18594
0.197257
0.20951
0.222774
0.237135
0.252683
0.269515
0.287737
0.307465
0.328823
0.351945
0.376978
0.404078
0.433416
0.465178
0.499562
0.105608
0.109281
0.113258
0.117564
0.122225
0.127271
0.132735
0.13865
0.145054
0.151986
0.159492
0.167618
0.176415
0.18594
0.196251
0.207414
0.2195
0.232584
0.246749
0.262085
0.278687
0.296662
0.316121
0.337188
0.359995
0.384686
0.411417
0.440355
0.471684
0.5056
0.118127
0.121745
0.125663
0.129904
0.134495
0.139466
0.144848
0.150674
0.156982
0.163812
0.171205
0.179209
0.187875
0.197257
0.207414
0.21841
0.230315
0.243204
0.257157
0.272263
0.288618
0.306323
0.325491
0.346243
0.368709
0.393031
0.419362
0.447868
0.478728
0.512136
0.13168
0.135239
0.139092
0.143263
0.147779
0.152669
0.157962
0.163693
0.169897
0.176614
0.183886
0.191759
0.200282
0.20951
0.2195
0.230315
0.242024
0.254701
0.268425
0.283283
0.299369
0.316783
0.335636
0.356047
0.378144
0.402066
0.427964
0.456001
0.486354
0.519213
0.146353
0.149847
0.153631
0.157727
0.162161
0.166962
0.172159
0.177786
0.183878
0.190474
0.197614
0.205345
0.213714
0.222774
0.232584
0.243204
0.254701
0.267148
0.280624
0.295213
0.311008
0.328107
0.346619
0.366661
0.388357
0.411847
0.437276
0.464806
0.49461
0.526874
0.162238
0.165663
0.169371
0.173385
0.177731
0.182436
0.18753
0.193045
0.199015
0.205479
0.212477
0.220053
0.228255
0.237135
0.246749
0.257157
0.268425
0.280624
0.293831
0.308129
0.323609
0.340367
0.35851
0.378151
0.399415
0.422436
0.447358
0.474339
0.503548
0.535169
0.179436
0.182785
0.186411
0.190337
0.194587
0.199189
0.20417
0.209564
0.215403
0.221724
0.228568
0.235977
0.243999
0.252683
0.262085
0.272263
0.283283
0.295213
0.308129
0.322112
0.33725
0.353639
0.371382
0.390591
0.411387
0.4339
0.458273
0.484659
0.513224
0.544148
0.198054
0.201322
0.20486
0.20869
0.212836
0.217326
0.222186
0.227447
0.233144
0.239311
0.245988
0.253216
0.261042
0.269515
0.278687
0.288618
0.299369
0.311008
0.323609
0.33725
0.352019
0.368009
0.385319
0.404059
0.424347
0.446311
0.47009
0.495832
0.5237
0.55387
0.218211
0.221391
0.224833
0.228559
0.232593
0.236961
0.241689
0.246809
0.252351
0.258351
0.264847
0.27188
0.279494
0.287737
0.296662
0.306323
0.316783
0.328107
0.340367
0.353639
0.368009
0.383565
0.400407
0.418639
0.438378
0.459748
0.482882
0.507928
0.535042
0.564394
0.240034
0.243117
0.246455
0.25007
0.253982
0.258218
0.262805
0.26777
0.273145
0.278965
0.285265
0.292086
0.299471
0.307465
0.316121
0.325491
0.335636
0.346619
0.35851
0.371382
0.385319
0.400407
0.416741
0.434424
0.453569
0.474294
0.496732
0.521023
0.54732
0.575788
0.263659
0.266639
0.269865
0.273357
0.277138
0.281232
0.285664
0.290462
0.295657
0.301281
0.307369
0.313961
0.321097
0.328823
0.337188
0.346243
0.356047
0.366661
0.378151
0.390591
0.404059
0.418639
0.434424
0.451513
0.470014
0.490043
0.511726
0.5352
0.560612
0.588123
0.289236
0.292103
0.295208
0.298569
0.302208
0.306147
0.310412
0.315029
0.320028
0.32544
0.3313
0.337643
0.344511
0.351945
0.359995
0.368709
0.378144
0.388357
0.399415
0.411387
0.424347
0.438378
0.453569
0.470014
0.487818
0.507092
0.527958
0.550548
0.575003
0.601478
0.316925
0.319671
0.322644
0.325863
0.329348
0.33312
0.337204
0.341626
0.346413
0.351596
0.357207
0.363281
0.369858
0.376978
0.384686
0.393031
0.402066
0.411847
0.422436
0.4339
0.446311
0.459748
0.474294
0.490043
0.507092
0.525549
0.545531
0.567164
0.590582
0.615935
0.346902
0.349517
0.352347
0.355412
0.358729
0.362321
0.36621
0.37042
0.374978
0.379912
0.385254
0.391038
0.397299
0.404078
0.411417
0.419362
0.427964
0.437276
0.447358
0.458273
0.47009
0.482882
0.496732
0.511726
0.527958
0.545531
0.564556
0.585152
0.607448
0.631586
0.379355
0.381827
0.384504
0.387401
0.390538
0.393934
0.397611
0.401592
0.405901
0.410567
0.415618
0.421086
0.427007
0.433416
0.440355
0.447868
0.456001
0.464806
0.474339
0.484659
0.495832
0.507928
0.521023
0.5352
0.550548
0.567164
0.585152
0.604625
0.625707
0.64853
0.414489
0.416807
0.419316
0.422033
0.424974
0.428159
0.431606
0.435338
0.439379
0.443754
0.44849
0.453617
0.459168
0.465178
0.471684
0.478728
0.486354
0.49461
0.503548
0.513224
0.5237
0.535042
0.54732
0.560612
0.575003
0.590582
0.607448
0.625707
0.645474
0.666872
0.452524
0.454675
0.457004
0.459525
0.462254
0.465209
0.468408
0.471872
0.475622
0.479681
0.484076
0.488834
0.493985
0.499562
0.5056
0.512136
0.519213
0.526874
0.535169
0.544148
0.55387
0.564394
0.575788
0.588123
0.601478
0.615935
0.631586
0.64853
0.666872
0.68673
0.502683
0.505096
0.507704
0.510522
0.513566
0.516854
0.520404
0.524237
0.528372
0.532834
0.537647
0.542835
0.548426
0.554448
0.560931
0.567907
0.575407
0.583466
0.592117
0.601397
0.611339
0.621979
0.633351
0.645488
0.658419
0.67217
0.686763
0.702212
0.718524
0.735694
0.561866
0.564971
0.568318
0.571925
0.575809
0.579992
0.584491
0.58933
0.594529
0.600111
0.6061
0.612519
0.61939
0.626737
0.634583
0.642946
0.651847
0.6613
0.671316
0.681899
0.693048
0.704749
0.716978
0.729695
0.742842
0.756336
0.770068
0.783893
0.797631
0.811052
0.621065
0.624861
0.628947
0.633343
0.638068
0.643145
0.648594
0.654439
0.660701
0.667404
0.674569
0.682217
0.690369
0.699041
0.708248
0.718001
0.728302
0.739149
0.750529
0.762417
0.774772
0.787535
0.800621
0.813919
0.827282
0.840519
0.853389
0.865592
0.876755
0.886426
0.680275
0.684763
0.689588
0.694772
0.700338
0.706309
0.712708
0.719559
0.726884
0.734707
0.743048
0.751927
0.761359
0.771356
0.781925
0.793066
0.804768
0.817009
0.829754
0.842946
0.856508
0.870332
0.884276
0.898155
0.911734
0.924714
0.936723
0.947303
0.955892
0.961811
0.735694
0.718524
0.702212
0.686763
0.67217
0.658419
0.645488
0.633351
0.621979
0.611339
0.601397
0.592117
0.583466
0.575407
0.567907
0.560931
0.554448
0.548426
0.542835
0.537647
0.532834
0.528372
0.524237
0.520404
0.516854
0.513566
0.510522
0.507704
0.505096
0.502683
0.811052
0.797631
0.783893
0.770068
0.756336
0.742842
0.729695
0.716978
0.704749
0.693048
0.681899
0.671316
0.6613
0.651847
0.642946
0.634583
0.626737
0.61939
0.612519
0.6061
0.600111
0.594529
0.58933
0.584491
0.579992
0.575809
0.571925
0.568318
0.564971
0.561866
0.886426
0.876755
0.865592
0.853389
0.840519
0.827282
0.813919
0.800621
0.787535
0.774772
0.762417
0.750529
0.739149
0.728302
0.718001
0.708248
0.699041
0.690369
0.682217
0.674569
0.667404
0.660701
0.654439
0.648594
0.643145
0.638068
0.633343
0.628947
0.624861
0.621065
0.961811
0.955892
0.947303
0.936723
0.924714
0.911734
0.898155
0.884276
0.870332
0.856508
0.842946
0.829754
0.817009
0.804768
0.793066
0.781925
0.771356
0.761359
0.751927
0.743048
0.734707
0.726884
0.719559
0.712708
0.706309
0.700338
0.694772
0.689588
0.684763
0.680275
0
-0.00412805
-0.00859722
-0.0134357
-0.018674
-0.0243451
-0.0304849
-0.037132
-0.0443284
-0.0521195
-0.0605543
-0.0696861
-0.0795724
-0.0902757
-0.101863
-0.114408
-0.12799
-0.142694
-0.158613
-0.175847
-0.194505
-0.214704
-0.236572
-0.260247
-0.285878
-0.313626
-0.343666
-0.376188
-0.411395
-0.44951
0.00412805
0
-0.00446917
-0.00930764
-0.0145459
-0.0202171
-0.0263569
-0.033004
-0.0402004
-0.0479914
-0.0564262
-0.065558
-0.0754443
-0.0861476
-0.0977352
-0.11028
-0.123862
-0.138566
-0.154485
-0.171719
-0.190376
-0.210576
-0.232444
-0.256119
-0.28175
-0.309498
-0.339538
-0.372059
-0.407267
-0.445382
0.00859722
0.00446917
0
-0.00483847
-0.0100768
-0.0157479
-0.0218877
-0.0285348
-0.0357312
-0.0435222
-0.051957
-0.0610888
-0.0709752
-0.0816784
-0.0932661
-0.105811
-0.119393
-0.134097
-0.150015
-0.167249
-0.185907
-0.206107
-0.227975
-0.25165
-0.27728
-0.305028
-0.335069
-0.36759
-0.402798
-0.440913
0.0134357
0.00930764
0.00483847
0
-0.00523829
-0.0109094
-0.0170492
-0.0236963
-0.0308927
-0.0386838
-0.0471186
-0.0562503
-0.0661367
-0.0768399
-0.0884276
-0.100973
-0.114554
-0.129258
-0.145177
-0.162411
-0.181069
-0.201268
-0.223136
-0.246811
-0.272442
-0.30019
-0.33023
-0.362751
-0.397959
-0.436074
0.018674
0.0145459
0.0100768
0.00523829
0
-0.00567115
-0.0118109
-0.018458
-0.0256544
-0.0334455
-0.0418803
-0.0510121
-0.0608984
-0.0716016
-0.0831893
-0.0957344
-0.109316
-0.12402
-0.139939
-0.157173
-0.17583
-0.19603
-0.217898
-0.241573
-0.267204
-0.294951
-0.324992
-0.357513
-0.39272
-0.430835
0.0243451
0.0202171
0.0157479
0.0109094
0.00567115
0
-0.00613977
-0.0127869
-0.0199833
-0.0277743
-0.0362091
-0.0453409
-0.0552272
-0.0659305
-0.0775181
-0.0900632
-0.103645
-0.118349
-0.134267
-0.151501
-0.170159
-0.190359
-0.212227
-0.235902
-0.261532
-0.28928
-0.31932
-0.351842
-0.387049
-0.425164
0.0304849
0.0263569
0.0218877
0.0170492
0.0118109
0.00613977
0
-0.00664712
-0.0138435
-0.0216345
-0.0300693
-0.0392011
-0.0490875
-0.0597907
-0.0713783
-0.0839234
-0.0975051
-0.112209
-0.128128
-0.145362
-0.164019
-0.184219
-0.206087
-0.229762
-0.255392
-0.28314
-0.31318
-0.345702
-0.380909
-0.419024
0.037132
0.033004
0.0285348
0.0236963
0.018458
0.0127869
0.00664712
0
-0.00719638
-0.0149874
-0.0234222
-0.032554
-0.0424403
-0.0531436
-0.0647312
-0.0772763
-0.0908579
-0.105562
-0.12148
-0.138714
-0.157372
-0.177572
-0.19944
-0.223115
-0.248745
-0.276493
-0.306533
-0.339054
-0.374262
-0.412376
0.0443284
0.0402004
0.0357312
0.0308927
0.0256544
0.0199833
0.0138435
0.00719638
0
-0.00779103
-0.0162258
-0.0253576
-0.035244
-0.0459472
-0.0575348
-0.0700799
-0.0836616
-0.0983654
-0.114284
-0.131518
-0.150176
-0.170375
-0.192243
-0.215918
-0.241549
-0.269297
-0.299336
-0.331858
-0.367065
-0.40518
0.0521195
0.0479914
0.0435222
0.0386838
0.0334455
0.0277743
0.0216345
0.0149874
0.00779103
0
-0.00843481
-0.0175666
-0.0274529
-0.0381562
-0.0497438
-0.0622889
-0.0758705
-0.0905743
-0.106493
-0.123727
-0.142385
-0.162584
-0.184452
-0.208127
-0.233758
-0.261505
-0.291545
-0.324066
-0.359274
-0.397388
0.0605543
0.0564262
0.051957
0.0471186
0.0418803
0.0362091
0.0300693
0.0234222
0.0162258
0.00843481
0
-0.00913178
-0.0190181
-0.0297214
-0.041309
-0.0538541
-0.0674357
-0.0821395
-0.0980582
-0.115292
-0.13395
-0.154149
-0.176017
-0.199692
-0.225323
-0.25307
-0.28311
-0.315631
-0.350838
-0.388953
0.0696861
0.065558
0.0610888
0.0562503
0.0510121
0.0453409
0.0392011
0.032554
0.0253576
0.0175666
0.00913178
-1.05925e-19
-0.00988634
-0.0205896
-0.0321772
-0.0447223
-0.0583039
-0.0730077
-0.0889264
-0.10616
-0.124818
-0.145017
-0.166886
-0.19056
-0.216191
-0.243939
-0.273978
-0.306499
-0.341706
-0.379821
0.0795724
0.0754443
0.0709752
0.0661367
0.0608984
0.0552272
0.0490875
0.0424403
0.035244
0.0274529
0.0190181
0.00988634
-1.82818e-19
-0.0107032
-0.0222909
-0.0348359
-0.0484176
-0.0631214
-0.0790401
-0.096274
-0.114932
-0.135131
-0.156999
-0.180674
-0.206304
-0.234052
-0.264092
-0.296613
-0.33182
-0.369934
0.0902757
0.0861476
0.0816784
0.0768399
0.0716016
0.0659305
0.0597907
0.0531436
0.0459472
0.0381562
0.0297214
0.0205896
0.0107032
0
-0.0115876
-0.0241327
-0.0377143
-0.0524181
-0.0683368
-0.0855707
-0.104229
-0.124428
-0.146296
-0.169971
-0.195601
-0.223349
-0.253388
-0.285909
-0.321116
-0.35923
0.101863
0.0977352
0.0932661
0.0884276
0.0831893
0.0775181
0.0713783
0.0647312
0.0575348
0.0497438
0.041309
0.0321772
0.0222909
0.0115876
0
-0.0125451
-0.0261267
-0.0408305
-0.0567492
-0.0739831
-0.0926409
-0.11284
-0.134708
-0.158383
-0.184013
-0.211761
-0.241801
-0.274321
-0.309528
-0.347642
0.114408
0.11028
0.105811
0.100973
0.0957344
0.0900632
0.0839234
0.0772763
0.0700799
0.0622889
0.0538541
0.0447223
0.0348359
0.0241327
0.0125451
0
-0.0135816
-0.0282854
-0.0442041
-0.061438
-0.0800958
-0.100295
-0.122163
-0.145838
-0.171468
-0.199216
-0.229255
-0.261776
-0.296983
-0.335097
0.12799
0.123862
0.119393
0.114554
0.109316
0.103645
0.0975051
0.0908579
0.0836616
0.0758705
0.0674357
0.0583039
0.0484176
0.0377143
0.0261267
0.0135816
-6.15799e-19
-0.0147038
-0.0306225
-0.0478564
-0.0665141
-0.0867134
-0.108581
-0.132256
-0.157886
-0.185634
-0.215673
-0.248194
-0.283401
-0.321514
0.142694
0.138566
0.134097
0.129258
0.12402
0.118349
0.112209
0.105562
0.0983654
0.0905743
0.0821395
0.0730077
0.0631214
0.0524181
0.0408305
0.0282854
0.0147038
3.56707e-19
-0.0159187
-0.0331526
-0.0518103
-0.0720096
-0.0938776
-0.117552
-0.143182
-0.17093
-0.200969
-0.23349
-0.268696
-0.30681
0.158613
0.154485
0.150015
0.145177
0.139939
0.134267
0.128128
0.12148
0.114284
0.106493
0.0980582
0.0889264
0.0790401
0.0683368
0.0567492
0.0442041
0.0306225
0.0159187
-1.55262e-19
-0.0172339
-0.0358917
-0.0560909
-0.0779588
-0.101633
-0.127264
-0.155011
-0.185051
-0.217571
-0.252777
-0.290891
0.175847
0.171719
0.167249
0.162411
0.157173
0.151501
0.145362
0.138714
0.131518
0.123727
0.115292
0.10616
0.096274
0.0855707
0.0739831
0.061438
0.0478564
0.0331526
0.0172339
-2.70899e-19
-0.0186578
-0.038857
-0.0607249
-0.0843994
-0.11003
-0.137777
-0.167816
-0.200337
-0.235543
-0.273656
0.194505
0.190376
0.185907
0.181069
0.17583
0.170159
0.164019
0.157372
0.150176
0.142385
0.13395
0.124818
0.114932
0.104229
0.0926409
0.0800958
0.0665141
0.0518103
0.0358917
0.0186578
4.73803e-19
-0.0201992
-0.0420672
-0.0657416
-0.0913719
-0.119119
-0.149158
-0.181679
-0.216885
-0.254998
0.214704
0.210576
0.206107
0.201268
0.19603
0.190359
0.184219
0.177572
0.170375
0.162584
0.154149
0.145017
0.135131
0.124428
0.11284
0.100295
0.0867134
0.0720096
0.0560909
0.038857
0.0201992
2.0774e-19
-0.0218679
-0.0455424
-0.0711726
-0.0989199
-0.128959
-0.161479
-0.196685
-0.234798
0.236572
0.232444
0.227975
0.223136
0.217898
0.212227
0.206087
0.19944
0.192243
0.184452
0.176017
0.166886
0.156999
0.146296
0.134708
0.122163
0.108581
0.0938776
0.0779588
0.0607249
0.0420672
0.0218679
-3.65484e-19
-0.0236745
-0.0493046
-0.0770519
-0.107091
-0.139611
-0.174817
-0.21293
0.260247
0.256119
0.25165
0.246811
0.241573
0.235902
0.229762
0.223115
0.215918
0.208127
0.199692
0.19056
0.180674
0.169971
0.158383
0.145838
0.132256
0.117552
0.101633
0.0843994
0.0657416
0.0455424
0.0236745
0
-0.0256301
-0.0533774
-0.0834165
-0.115937
-0.151142
-0.189255
0.285878
0.28175
0.27728
0.272442
0.267204
0.261532
0.255392
0.248745
0.241549
0.233758
0.225323
0.216191
0.206304
0.195601
0.184013
0.171468
0.157886
0.143182
0.127264
0.11003
0.0913719
0.0711726
0.0493046
0.0256301
-2.86067e-19
-0.0277472
-0.0577863
-0.0903062
-0.125512
-0.163624
0.313626
0.309498
0.305028
0.30019
0.294951
0.28928
0.28314
0.276493
0.269297
0.261505
0.25307
0.243939
0.234052
0.223349
0.211761
0.199216
0.185634
0.17093
0.155011
0.137777
0.119119
0.0989199
0.0770519
0.0533774
0.0277472
0
-0.030039
-0.0625589
-0.0977643
-0.135877
0.343666
0.339538
0.335069
0.33023
0.324992
0.31932
0.31318
0.306533
0.299336
0.291545
0.28311
0.273978
0.264092
0.253388
0.241801
0.229255
0.215673
0.200969
0.185051
0.167816
0.149158
0.128959
0.107091
0.0834165
0.0577863
0.030039
0
-0.0325199
-0.0677252
-0.105837
0.376188
0.372059
0.36759
0.362751
0.357513
0.351842
0.345702
0.339054
0.331858
0.324066
0.315631
0.306499
0.296613
0.285909
0.274321
0.261776
0.248194
0.23349
0.217571
0.200337
0.181679
0.161479
0.139611
0.115937
0.0903062
0.0625589
0.0325199
4.12156e-19
-0.0352052
-0.0733172
0.411395
0.407267
0.402798
0.397959
0.39272
0.387049
0.380909
0.374262
0.367065
0.359274
0.350838
0.341706
0.33182
0.321116
0.309528
0.296983
0.283401
0.268696
0.252777
0.235543
0.216885
0.196685
0.174817
0.151142
0.125512
0.0977643
0.0677252
0.0352052
3.75034e-19
-0.0381119
0.44951
0.445382
0.440913
0.436074
0.430835
0.425164
0.419024
0.412376
0.40518
0.397388
0.388953
0.379821
0.369934
0.35923
0.347642
0.335097
0.321514
0.30681
0.290891
0.273656
0.254998
0.234798
0.21293
0.189255
0.163624
0.135877
0.105837
0.0733172
0.0381119
0
0.499489
0.495259
0.490674
0.485705
0.480319
0.47448
0.468151
0.46129
0.453849
0.445781
0.437032
0.427542
0.417248
0.40608
0.393963
0.380816
0.366548
0.351062
0.334255
0.31601
0.296204
0.274702
0.251361
0.226022
0.198519
0.16867
0.136285
0.101161
0.0630861
0.0218409
0.558249
0.553827
0.549026
0.543812
0.538148
0.531994
0.525307
0.518037
0.510132
0.501535
0.492181
0.482002
0.470922
0.458857
0.445716
0.431399
0.415796
0.398787
0.380243
0.360019
0.337963
0.313904
0.287664
0.259046
0.227843
0.193836
0.156797
0.11649
0.072678
0.0251326
0.617024
0.612411
0.607393
0.601934
0.595992
0.589523
0.582476
0.574798
0.566428
0.557301
0.547343
0.536475
0.524608
0.511645
0.497479
0.481992
0.465053
0.446521
0.426239
0.404037
0.379729
0.353114
0.323974
0.292076
0.257173
0.219008
0.177313
0.131821
0.0822719
0.028425
0.67581
0.671006
0.665772
0.660067
0.653847
0.647061
0.639655
0.631568
0.622733
0.613076
0.602514
0.590956
0.578303
0.564442
0.54925
0.532592
0.514318
0.494262
0.472242
0.448061
0.421502
0.392329
0.360288
0.32511
0.286507
0.244182
0.197832
0.147155
0.0918673
0.0317178
-0.0218409
-0.0630861
-0.101161
-0.136285
-0.16867
-0.198519
-0.226022
-0.251361
-0.274702
-0.296204
-0.31601
-0.334255
-0.351062
-0.366548
-0.380816
-0.393963
-0.40608
-0.417248
-0.427542
-0.437032
-0.445781
-0.453849
-0.46129
-0.468151
-0.47448
-0.480319
-0.485705
-0.490674
-0.495259
-0.499489
-0.0251326
-0.072678
-0.11649
-0.156797
-0.193836
-0.227843
-0.259046
-0.287664
-0.313904
-0.337963
-0.360019
-0.380243
-0.398787
-0.415796
-0.431399
-0.445716
-0.458857
-0.470922
-0.482002
-0.492181
-0.501535
-0.510132
-0.518037
-0.525307
-0.531994
-0.538148
-0.543812
-0.549026
-0.553827
-0.558249
-0.028425
-0.0822719
-0.131821
-0.177313
-0.219008
-0.257173
-0.292076
-0.323974
-0.353114
-0.379729
-0.404037
-0.426239
-0.446521
-0.465053
-0.481992
-0.497479
-0.511645
-0.524608
-0.536475
-0.547343
-0.557301
-0.566428
-0.574798
-0.582476
-0.589523
-0.595992
-0.601934
-0.607393
-0.612411
-0.617024
-0.0317178
-0.0918673
-0.147155
-0.197832
-0.244182
-0.286507
-0.32511
-0.360288
-0.392329
-0.421502
-0.448061
-0.472242
-0.494262
-0.514318
-0.532592
-0.54925
-0.564442
-0.578303
-0.590956
-0.602514
-0.613076
-0.622733
-0.631568
-0.639655
-0.647061
-0.653847
-0.660067
-0.665772
-0.671006
-0.67581
-0.00395881
-0.00807819
-0.012538
-0.0173663
-0.0225935
-0.0282528
-0.0343796
-0.0410128
-0.048194
-0.0559687
-0.0643858
-0.0734984
-0.0833639
-0.0940447
-0.105608
-0.118127
-0.13168
-0.146353
-0.162238
-0.179436
-0.198054
-0.218211
-0.240034
-0.263659
-0.289236
-0.316925
-0.346902
-0.379355
-0.414489
-0.452524
-0.00807819
-0.0121795
-0.0166197
-0.0214268
-0.0266312
-0.0322655
-0.0383655
-0.0449696
-0.0521193
-0.0598599
-0.06824
-0.0773126
-0.0871349
-0.0977688
-0.109281
-0.121745
-0.135239
-0.149847
-0.165663
-0.182785
-0.201322
-0.221391
-0.243117
-0.266639
-0.292103
-0.319671
-0.349517
-0.381827
-0.416807
-0.454675
-0.012538
-0.0166197
-0.0210387
-0.0258229
-0.0310024
-0.0366099
-0.0426808
-0.0492533
-0.056369
-0.0640726
-0.0724127
-0.081442
-0.0912174
-0.101801
-0.113258
-0.125663
-0.139092
-0.153631
-0.169371
-0.186411
-0.20486
-0.224833
-0.246455
-0.269865
-0.295208
-0.322644
-0.352347
-0.384504
-0.419316
-0.457004
-0.0173663
-0.0214268
-0.0258229
-0.0305822
-0.0357349
-0.0413133
-0.0473526
-0.0538911
-0.0609698
-0.0686334
-0.0769302
-0.0859127
-0.0956374
-0.106166
-0.117564
-0.129904
-0.143263
-0.157727
-0.173385
-0.190337
-0.20869
-0.228559
-0.25007
-0.273357
-0.298569
-0.325863
-0.355412
-0.387401
-0.422033
-0.459525
-0.0225935
-0.0266312
-0.0310024
-0.0357349
-0.0408584
-0.0464053
-0.0524105
-0.058912
-0.0659507
-0.0735711
-0.0818211
-0.0907528
-0.100423
-0.110891
-0.122225
-0.134495
-0.147779
-0.162161
-0.177731
-0.194587
-0.212836
-0.232593
-0.253982
-0.277138
-0.302208
-0.329348
-0.358729
-0.390538
-0.424974
-0.462254
-0.0282528
-0.0322655
-0.0366099
-0.0413133
-0.0464053
-0.0519181
-0.0578864
-0.0643479
-0.0713433
-0.0789168
-0.087116
-0.0959928
-0.105603
-0.116007
-0.127271
-0.139466
-0.152669
-0.166962
-0.182436
-0.199189
-0.217326
-0.236961
-0.258218
-0.281232
-0.306147
-0.33312
-0.362321
-0.393934
-0.428159
-0.465209
-0.0343796
-0.0383655
-0.0426808
-0.0473526
-0.0524105
-0.0578864
-0.0638147
-0.0702329
-0.0771815
-0.0847042
-0.0928485
-0.101666
-0.111212
-0.121546
-0.132735
-0.144848
-0.157962
-0.172159
-0.18753
-0.20417
-0.222186
-0.241689
-0.262805
-0.285664
-0.310412
-0.337204
-0.36621
-0.397611
-0.431606
-0.468408
-0.0410128
-0.0449696
-0.0492533
-0.0538911
-0.058912
-0.0643479
-0.0702329
-0.0766043
-0.0835021
-0.0909699
-0.0990547
-0.107808
-0.117284
-0.127543
-0.13865
-0.150674
-0.163693
-0.177786
-0.193045
-0.209564
-0.227447
-0.246809
-0.26777
-0.290462
-0.315029
-0.341626
-0.37042
-0.401592
-0.435338
-0.471872
-0.048194
-0.0521193
-0.056369
-0.0609698
-0.0659507
-0.0713433
-0.0771815
-0.0835021
-0.090345
-0.0977533
-0.105774
-0.114457
-0.123858
-0.134035
-0.145054
-0.156982
-0.169897
-0.183878
-0.199015
-0.215403
-0.233144
-0.252351
-0.273145
-0.295657
-0.320028
-0.346413
-0.374978
-0.405901
-0.439379
-0.475622
-0.0559687
-0.0598599
-0.0640726
-0.0686334
-0.0735711
-0.0789168
-0.0847042
-0.0909699
-0.0977533
-0.105097
-0.113048
-0.121656
-0.130975
-0.141064
-0.151986
-0.163812
-0.176614
-0.190474
-0.205479
-0.221724
-0.239311
-0.258351
-0.278965
-0.301281
-0.32544
-0.351596
-0.379912
-0.410567
-0.443754
-0.479681
-0.0643858
-0.06824
-0.0724127
-0.0769302
-0.0818211
-0.087116
-0.0928485
-0.0990547
-0.105774
-0.113048
-0.120923
-0.129449
-0.13868
-0.148673
-0.159492
-0.171205
-0.183886
-0.197614
-0.212477
-0.228568
-0.245988
-0.264847
-0.285265
-0.307369
-0.3313
-0.357207
-0.385254
-0.415618
-0.44849
-0.484076
-0.0734984
-0.0773126
-0.081442
-0.0859127
-0.0907528
-0.0959928
-0.101666
-0.107808
-0.114457
-0.121656
-0.129449
-0.137887
-0.147022
-0.156911
-0.167618
-0.179209
-0.191759
-0.205345
-0.220053
-0.235977
-0.253216
-0.27188
-0.292086
-0.313961
-0.337643
-0.363281
-0.391038
-0.421086
-0.453617
-0.488834
-0.0833639
-0.0871349
-0.0912174
-0.0956374
-0.100423
-0.105603
-0.111212
-0.117284
-0.123858
-0.130975
-0.13868
-0.147022
-0.156053
-0.16583
-0.176415
-0.187875
-0.200282
-0.213714
-0.228255
-0.243999
-0.261042
-0.279494
-0.299471
-0.321097
-0.344511
-0.369858
-0.397299
-0.427007
-0.459168
-0.493985
-0.0940447
-0.0977688
-0.101801
-0.106166
-0.110891
-0.116007
-0.121546
-0.127543
-0.134035
-0.141064
-0.148673
-0.156911
-0.16583
-0.175486
-0.18594
-0.197257
-0.20951
-0.222774
-0.237135
-0.252683
-0.269515
-0.287737
-0.307465
-0.328823
-0.351945
-0.376978
-0.404078
-0.433416
-0.465178
-0.499562
-0.105608
-0.109281
-0.113258
-0.117564
-0.122225
-0.127271
-0.132735
-0.13865
-0.145054
-0.151986
-0.159492
-0.167618
-0.176415
-0.18594
-0.196251
-0.207414
-0.2195
-0.232584
-0.246749
-0.262085
-0.278687
-0.296662
-0.316121
-0.337188
-0.359995
-0.384686
-0.411417
-0.440355
-0.471684
-0.5056
-0.118127
-0.121745
-0.125663
-0.129904
-0.134495
-0.139466
-0.144848
-0.150674
-0.156982
-0.163812
-0.171205
-0.179209
-0.187875
-0.197257
-0.207414
-0.21841
-0.230315
-0.243204
-0.257157
-0.272263
-0.288618
-0.306323
-0.325491
-0.346243
-0.368709
-0.393031
-0.419362
-0.447868
-0.478728
-0.512136
-0.13168
-0.135239
-0.139092
-0.143263
-0.147779
-0.152669
-0.157962
-0.163693
-0.169897
-0.176614
-0.183886
-0.191759
-0.200282
-0.20951
-0.2195
-0.230315
-0.242024
-0.254701
-0.268425
-0.283283
-0.299369
-0.316783
-0.335636
-0.356047
-0.378144
-0.402066
-0.427964
-0.456001
-0.486354
-0.519213
-0.146353
-0.149847
-0.153631
-0.157727
-0.162161
-0.166962
-0.172159
-0.177786
-0.183878
-0.190474
-0.197614
-0.205345
-0.213714
-0.222774
-0.232584
-0.243204
-0.254701
-0.267148
-0.280624
-0.295213
-0.311008
-0.328107
-0.346619
-0.366661
-0.388357
-0.411847
-0.437276
-0.464806
-0.49461
-0.526874
-0.162238
-0.165663
-0.169371
-0.173385
-0.177731
-0.182436
-0.18753
-0.193045
-0.199015
-0.205479
-0.212477
-0.220053
-0.228255
-0.237135
-0.246749
-0.257157
-0.268425
-0.280624
-0.293831
-0.308129
-0.323609
-0.340367
-0.35851
-0.378151
-0.399415
-0.422436
-0.447358
-0.474339
-0.503548
-0.535169
-0.179436
-0.182785
-0.186411
-0.190337
-0.194587
-0.199189
-0.20417
-0.209564
-0.215403
-0.221724
-0.228568
-0.235977
-0.243999
-0.252683
-0.262085
-0.272263
-0.283283
-0.295213
-0.308129
-0.322112
-0.33725
-0.353639
-0.371382
-0.390591
-0.411387
-0.4339
-0.458273
-0.484659
-0.513224
-0.544148
-0.198054
-0.201322
-0.20486
-0.20869
-0.212836
-0.217326
-0.222186
-0.227447
-0.233144
-0.239311
-0.245988
-0.253216
-0.261042
-0.269515
-0.278687
-0.288618
-0.299369
-0.311008
-0.323609
-0.33725
-0.352019
-0.368009
-0.385319
-0.404059
-0.424347
-0.446311
-0.47009
-0.495832
-0.5237
-0.55387
-0.218211
-0.221391
-0.224833
-0.228559
-0.232593
-0.236961
-0.241689
-0.246809
-0.252351
-0.258351
-0.264847
-0.27188
-0.279494
-0.287737
-0.296662
-0.306323
-0.316783
-0.328107
-0.340367
-0.353639
-0.368009
-0.383565
-0.400407
-0.418639
-0.438378
-0.459748
-0.482882
-0.507928
-0.535042
-0.564394
-0.240034
-0.243117
-0.246455
-0.25007
-0.253982
-0.258218
-0.262805
-0.26777
-0.273145
-0.278965
-0.285265
-0.292086
-0.299471
-0.307465
-0.316121
-0.325491
-0.335636
-0.346619
-0.35851
-0.371382
-0.385319
-0.400407
-0.416741
-0.434424
-0.453569
-0.474294
-0.496732
-0.521023
-0.54732
-0.575788
-0.263659
-0.266639
-0.269865
-0.273357
-0.277138
-0.281232
-0.285664
-0.290462
-0.295657
-0.301281
-0.307369
-0.313961
-0.321097
-0.328823
-0.337188
-0.346243
-0.356047
-0.366661
-0.378151
-0.390591
-0.404059
-0.418639
-0.434424
-0.451513
-0.470014
-0.490043
-0.511726
-0.5352
-0.560612
-0.588123
-0.289236
-0.292103
-0.295208
-0.298569
-0.302208
-0.306147
-0.310412
-0.315029
-0.320028
-0.32544
-0.3313
-0.337643
-0.344511
-0.351945
-0.359995
-0.368709
-0.378144
-0.388357
-0.399415
-0.411387
-0.424347
-0.438378
-0.453569
-0.470014
-0.487818
-0.507092
-0.527958
-0.550548
-0.575003
-0.601478
-0.316925
-0.319671
-0.322644
-0.325863
-0.329348
-0.33312
-0.337204
-0.341626
-0.346413
-0.351596
-0.357207
-0.363281
-0.369858
-0.376978
-0.384686
-0.393031
-0.402066
-0.411847
-0.422436
-0.4339
-0.446311
-0.459748
-0.474294
-0.490043
-0.507092
-0.525549
-0.545531
-0.567164
-0.590582
-0.615935
-0.346902
-0.349517
-0.352347
-0.355412
-0.358729
-0.362321
-0.36621
-0.37042
-0.374978
-0.379912
-0.385254
-0.391038
-0.397299
-0.404078
-0.411417
-0.419362
-0.427964
-0.437276
-0.447358
-0.458273
-0.47009
-0.482882
-0.496732
-0.511726
-0.527958
-0.545531
-0.564556
-0.585152
-0.607448
-0.631586
-0.379355
-0.381827
-0.384504
-0.387401
-0.390538
-0.393934
-0.397611
-0.401592
-0.405901
-0.410567
-0.415618
-0.421086
-0.427007
-0.433416
-0.440355
-0.447868
-0.456001
-0.464806
-0.474339
-0.484659
-0.495832
-0.507928
-0.521023
-0.5352
-0.550548
-0.567164
-0.585152
-0.604625
-0.625707
-0.64853
-0.414489
-0.416807
-0.419316
-0.422033
-0.424974
-0.428159
-0.431606
-0.435338
-0.439379
-0.443754
-0.44849
-0.453617
-0.459168
-0.465178
-0.471684
-0.478728
-0.486354
-0.49461
-0.503548
-0.513224
-0.5237
-0.535042
-0.54732
-0.560612
-0.575003
-0.590582
-0.607448
-0.625707
-0.645474
-0.666872
-0.452524
-0.454675
-0.457004
-0.459525
-0.462254
-0.465209
-0.468408
-0.471872
-0.475622
-0.479681
-0.484076
-0.488834
-0.493985
-0.499562
-0.5056
-0.512136
-0.519213
-0.526874
-0.535169
-0.544148
-0.55387
-0.564394
-0.575788
-0.588123
-0.601478
-0.615935
-0.631586
-0.64853
-0.666872
-0.68673
-0.502683
-0.505096
-0.507704
-0.510522
-0.513566
-0.516854
-0.520404
-0.524237
-0.528372
-0.532834
-0.537647
-0.542835
-0.548426
-0.554448
-0.560931
-0.567907
-0.575407
-0.583466
-0.592117
-0.601397
-0.611339
-0.621979
-0.633351
-0.645488
-0.658419
-0.67217
-0.686763
-0.702212
-0.718524
-0.735694
-0.561866
-0.564971
-0.568318
-0.571925
-0.575809
-0.579992
-0.584491
-0.58933
-0.594529
-0.600111
-0.6061
-0.612519
-0.61939
-0.626737
-0.634583
-0.642946
-0.651847
-0.6613
-0.671316
-0.681899
-0.693048
-0.704749
-0.716978
-0.729695
-0.742842
-0.756336
-0.770068
-0.783893
-0.797631
-0.811052
-0.621065
-0.624861
-0.628947
-0.633343
-0.638068
-0.643145
-0.648594
-0.654439
-0.660701
-0.667404
-0.674569
-0.682217
-0.690369
-0.699041
-0.708248
-0.718001
-0.728302
-0.739149
-0.750529
-0.762417
-0.774772
-0.787535
-0.800621
-0.813919
-0.827282
-0.840519
-0.853389
-0.865592
-0.876755
-0.886426
-0.680275
-0.684763
-0.689588
-0.694772
-0.700338
-0.706309
-0.712708
-0.719559
-0.726884
-0.734707
-0.743048
-0.751927
-0.761359
-0.771356
-0.781925
-0.793066
-0.804768
-0.817009
-0.829754
-0.842946
-0.856508
-0.870332
-0.884276
-0.898155
-0.911734
-0.924714
-0.936723
-0.947303
-0.955892
-0.961811
-0.735694
-0.718524
-0.702212
-0.686763
-0.67217
-0.658419
-0.645488
-0.633351
-0.621979
-0.611339
-0.601397
-0.592117
-0.583466
-0.575407
-0.567907
-0.560931
-0.554448
-0.548426
-0.542835
-0.537647
-0.532834
-0.528372
-0.524237
-0.520404
-0.516854
-0.513566
-0.510522
-0.507704
-0.505096
-0.502683
-0.811052
-0.797631
-0.783893
-0.770068
-0.756336
-0.742842
-0.729695
-0.716978
-0.704749
-0.693048
-0.681899
-0.671316
-0.6613
-0.651847
-0.642946
-0.634583
-0.626737
-0.61939
-0.612519
-0.6061
-0.600111
-0.594529
-0.58933
-0.584491
-0.579992
-0.575809
-0.571925
-0.568318
-0.564971
-0.561866
-0.886426
-0.876755
-0.865592
-0.853389
-0.840519
-0.827282
-0.813919
-0.800621
-0.787535
-0.774772
-0.762417
-0.750529
-0.739149
-0.728302
-0.718001
-0.708248
-0.699041
-0.690369
-0.682217
-0.674569
-0.667404
-0.660701
-0.654439
-0.648594
-0.643145
-0.638068
-0.633343
-0.628947
-0.624861
-0.621065
-0.961811
-0.955892
-0.947303
-0.936723
-0.924714
-0.911734
-0.898155
-0.884276
-0.870332
-0.856508
-0.842946
-0.829754
-0.817009
-0.804768
-0.793066
-0.781925
-0.771356
-0.761359
-0.751927
-0.743048
-0.734707
-0.726884
-0.719559
-0.712708
-0.706309
-0.700338
-0.694772
-0.689588
-0.684763
-0.680275
0
0.00412805
0.00859722
0.0134357
0.018674
0.0243451
0.0304849
0.037132
0.0443284
0.0521195
0.0605543
0.0696861
0.0795724
0.0902757
0.101863
0.114408
0.12799
0.142694
0.158613
0.175847
0.194505
0.214704
0.236572
0.260247
0.285878
0.313626
0.343666
0.376188
0.411395
0.44951
-0.00412805
0
0.00446917
0.00930764
0.0145459
0.0202171
0.0263569
0.033004
0.0402004
0.0479914
0.0564262
0.065558
0.0754443
0.0861476
0.0977352
0.11028
0.123862
0.138566
0.154485
0.171719
0.190376
0.210576
0.232444
0.256119
0.28175
0.309498
0.339538
0.372059
0.407267
0.445382
-0.00859722
-0.00446917
0
0.00483847
0.0100768
0.0157479
0.0218877
0.0285348
0.0357312
0.0435222
0.051957
0.0610888
0.0709752
0.0816784
0.0932661
0.105811
0.119393
0.134097
0.150015
0.167249
0.185907
0.206107
0.227975
0.25165
0.27728
0.305028
0.335069
0.36759
0.402798
0.440913
-0.0134357
-0.00930764
-0.00483847
0
0.00523829
0.0109094
0.0170492
0.0236963
0.0308927
0.0386838
0.0471186
0.0562503
0.0661367
0.0768399
0.0884276
0.100973
0.114554
0.129258
0.145177
0.162411
0.181069
0.201268
0.223136
0.246811
0.272442
0.30019
0.33023
0.362751
0.397959
0.436074
-0.018674
-0.0145459
-0.0100768
-0.00523829
0
0.00567115
0.0118109
0.018458
0.0256544
0.0334455
0.0418803
0.0510121
0.0608984
0.0716016
0.0831893
0.0957344
0.109316
0.12402
0.139939
0.157173
0.17583
0.19603
0.217898
0.241573
0.267204
0.294951
0.324992
0.357513
0.39272
0.430835
-0.0243451
-0.0202171
-0.0157479
-0.0109094
-0.00567115
0
0.00613977
0.0127869
0.0199833
0.0277743
0.0362091
0.0453409
0.0552272
0.0659305
0.0775181
0.0900632
0.103645
0.118349
0.134267
0.151501
0.170159
0.190359
0.212227
0.235902
0.261532
0.28928
0.31932
0.351842
0.387049
0.425164
-0.0304849
-0.0263569
-0.0218877
-0.0170492
-0.0118109
-0.00613977
0
0.00664712
0.0138435
0.0216345
0.0300693
0.0392011
0.0490875
0.0597907
0.0713783
0.0839234
0.0975051
0.112209
0.128128
0.145362
0.164019
0.184219
0.206087
0.229762
0.255392
0.28314
0.31318
0.345702
0.380909
0.419024
-0.037132
-0.033004
-0.0285348
-0.0236963
-0.018458
-0.0127869
-0.00664712
0
0.00719638
0.0149874
0.0234222
0.032554
0.0424403
0.0531436
0.0647312
0.0772763
0.0908579
0.105562
0.12148
0.138714
0.157372
0.177572
0.19944
0.223115
0.248745
0.276493
0.306533
0.339054
0.374262
0.412376
-0.0443284
-0.0402004
-0.0357312
-0.0308927
-0.0256544
-0.0199833
-0.0138435
-0.00719638
0
0.00779103
0.0162258
0.0253576
0.035244
0.0459472
0.0575348
0.0700799
0.0836616
0.0983654
0.114284
0.131518
0.150176
0.170375
0.192243
0.215918
0.241549
0.269297
0.299336
0.331858
0.367065
0.40518
-0.0521195
-0.0479914
-0.0435222
-0.0386838
-0.0334455
-0.0277743
-0.0216345
-0.0149874
-0.00779103
0
0.00843481
0.0175666
0.0274529
0.0381562
0.0497438
0.0622889
0.0758705
0.0905743
0.106493
0.123727
0.142385
0.162584
0.184452
0.208127
0.233758
0.261505
0.291545
0.324066
0.359274
0.397388
-0.0605543
-0.0564262
-0.051957
-0.0471186
-0.0418803
-0.0362091
-0.0300693
-0.0234222
-0.0162258
-0.00843481
0
0.00913178
0.0190181
0.0297214
0.041309
0.0538541
0.0674357
0.0821395
0.0980582
0.115292
0.13395
0.154149
0.176017
0.199692
0.225323
0.25307
0.28311
0.315631
0.350838
0.388953
-0.0696861
-0.065558
-0.0610888
-0.0562503
-0.0510121
-0.0453409
-0.0392011
-0.032554
-0.0253576
-0.0175666
-0.00913178
1.05925e-19
0.00988634
0.0205896
0.0321772
0.0447223
0.0583039
0.0730077
0.0889264
0.10616
0.124818
0.145017
0.166886
0.19056
0.216191
0.243939
0.273978
0.306499
0.341706
0.379821
-0.0795724
-0.0754443
-0.0709752
-0.0661367
-0.0608984
-0.0552272
-0.0490875
-0.0424403
-0.035244
-0.0274529
-0.0190181
-0.00988634
1.82818e-19
0.0107032
0.0222909
0.0348359
0.0484176
0.0631214
0.0790401
0.096274
0.114932
0.135131
0.156999
0.180674
0.206304
0.234052
0.264092
0.296613
0.33182
0.369934
-0.0902757
-0.0861476
-0.0816784
-0.0768399
-0.0716016
-0.0659305
-0.0597907
-0.0531436
-0.0459472
-0.0381562
-0.0297214
-0.0205896
-0.0107032
0
0.0115876
0.0241327
0.0377143
0.0524181
0.0683368
0.0855707
0.104229
0.124428
0.146296
0.169971
0.195601
0.223349
0.253388
0.285909
0.321116
0.35923
-0.101863
-0.0977352
-0.0932661
-0.0884276
-0.0831893
-0.0775181
-0.0713783
-0.0647312
-0.0575348
-0.0497438
-0.041309
-0.0321772
-0.0222909
-0.0115876
0
0.0125451
0.0261267
0.0408305
0.0567492
0.0739831
0.0926409
0.11284
0.134708
0.158383
0.184013
0.211761
0.241801
0.274321
0.309528
0.347642
-0.114408
-0.11028
-0.105811
-0.100973
-0.0957344
-0.0900632
-0.0839234
-0.0772763
-0.0700799
-0.0622889
-0.0538541
-0.0447223
-0.0348359
-0.0241327
-0.0125451
0
0.0135816
0.0282854
0.0442041
0.061438
0.0800958
0.100295
0.122163
0.145838
0.171468
0.199216
0.229255
0.261776
0.296983
0.335097
-0.12799
-0.123862
-0.119393
-0.114554
-0.109316
-0.103645
-0.0975051
-0.0908579
-0.0836616
-0.0758705
-0.0674357
-0.0583039
-0.0484176
-0.0377143
-0.0261267
-0.0135816
6.15799e-19
0.0147038
0.0306225
0.0478564
0.0665141
0.0867134
0.108581
0.132256
0.157886
0.185634
0.215673
0.248194
0.283401
0.321514
-0.142694
-0.138566
-0.134097
-0.129258
-0.12402
-0.118349
-0.112209
-0.105562
-0.0983654
-0.0905743
-0.0821395
-0.0730077
-0.0631214
-0.0524181
-0.0408305
-0.0282854
-0.0147038
-3.56707e-19
0.0159187
0.0331526
0.0518103
0.0720096
0.0938776
0.117552
0.143182
0.17093
0.200969
0.23349
0.268696
0.30681
-0.158613
-0.154485
-0.150015
-0.145177
-0.139939
-0.134267
-0.128128
-0.12148
-0.114284
-0.106493
-0.0980582
-0.0889264
-0.0790401
-0.0683368
-0.0567492
-0.0442041
-0.0306225
-0.0159187
1.55262e-19
0.0172339
0.0358917
0.0560909
0.0779588
0.101633
0.127264
0.155011
0.185051
0.217571
0.252777
0.290891
-0.175847
-0.171719
-0.167249
-0.162411
-0.157173
-0.151501
-0.145362
-0.138714
-0.131518
-0.123727
-0.115292
-0.10616
-0.096274
-0.0855707
-0.0739831
-0.061438
-0.0478564
-0.0331526
-0.0172339
2.70899e-19
0.0186578
0.038857
0.0607249
0.0843994
0.11003
0.137777
0.167816
0.200337
0.235543
0.273656
-0.194505
-0.190376
-0.185907
-0.181069
-0.17583
-0.170159
-0.164019
-0.157372
-0.150176
-0.142385
-0.13395
-0.124818
-0.114932
-0.104229
-0.0926409
-0.0800958
-0.0665141
-0.0518103
-0.0358917
-0.0186578
-4.73803e-19
0.0201992
0.0420672
0.0657416
0.0913719
0.119119
0.149158
0.181679
0.216885
0.254998
-0.214704
-0.210576
-0.206107
-0.201268
-0.19603
-0.190359
-0.184219
-0.177572
-0.170375
-0.162584
-0.154149
-0.145017
-0.135131
-0.124428
-0.11284
-0.100295
-0.0867134
-0.0720096
-0.0560909
-0.038857
-0.0201992
-2.0774e-19
0.0218679
0.0455424
0.0711726
0.0989199
0.128959
0.161479
0.196685
0.234798
-0.236572
-0.232444
-0.227975
-0.223136
-0.217898
-0.212227
-0.206087
-0.19944
-0.192243
-0.184452
-0.176017
-0.166886
-0.156999
-0.146296
-0.134708
-0.122163
-0.108581
-0.0938776
-0.0779588
-0.0607249
-0.0420672
-0.0218679
3.65484e-19
0.0236745
0.0493046
0.0770519
0.107091
0.139611
0.174817
0.21293
-0.260247
-0.256119
-0.25165
-0.246811
-0.241573
-0.235902
-0.229762
-0.223115
-0.215918
-0.208127
-0.199692
-0.19056
-0.180674
-0.169971
-0.158383
-0.145838
-0.132256
-0.117552
-0.101633
-0.0843994
-0.0657416
-0.0455424
-0.0236745
0
0.0256301
0.0533774
0.0834165
0.115937
0.151142
0.189255
-0.285878
-0.28175
-0.27728
-0.272442
-0.267204
-0.261532
-0.255392
-0.248745
-0.241549
-0.233758
-0.225323
-0.216191
-0.206304
-0.195601
-0.184013
-0.171468
-0.157886
-0.143182
-0.127264
-0.11003
-0.0913719
-0.0711726
-0.0493046
-0.0256301
2.86067e-19
0.0277472
0.0577863
0.0903062
0.125512
0.163624
-0.313626
-0.309498
-0.305028
-0.30019
-0.294951
-0.28928
-0.28314
-0.276493
-0.269297
-0.261505
-0.25307
-0.243939
-0.234052
-0.223349
-0.211761
-0.199216
-0.185634
-0.17093
-0.155011
-0.137777
-0.119119
-0.0989199
-0.0770519
-0.0533774
-0.0277472
0
0.030039
0.0625589
0.0977643
0.135877
-0.343666
-0.339538
-0.335069
-0.33023
-0.324992
-0.31932
-0.31318
-0.306533
-0.299336
-0.291545
-0.28311
-0.273978
-0.264092
-0.253388
-0.241801
-0.229255
-0.215673
-0.200969
-0.185051
-0.167816
-0.149158
-0.128959
-0.107091
-0.0834165
-0.0577863
-0.030039
0
0.0325199
0.0677252
0.105837
-0.376188
-0.372059
-0.36759
-0.362751
-0.357513
-0.351842
-0.345702
-0.339054
-0.331858
-0.324066
-0.315631
-0.306499
-0.296613
-0.285909
-0.274321
-0.261776
-0.248194
-0.23349
-0.217571
-0.200337
-0.181679
-0.161479
-0.139611
-0.115937
-0.0903062
-0.0625589
-0.0325199
-4.12156e-19
0.0352052
0.0733172
-0.411395
-0.407267
-0.402798
-0.397959
-0.39272
-0.387049
-0.380909
-0.374262
-0.367065
-0.359274
-0.350838
-0.341706
-0.33182
-0.321116
-0.309528
-0.296983
-0.283401
-0.268696
-0.252777
-0.235543
-0.216885
-0.196685
-0.174817
-0.151142
-0.125512
-0.0977643
-0.0677252
-0.0352052
-3.75034e-19
0.0381119
-0.44951
-0.445382
-0.440913
-0.436074
-0.430835
-0.425164
-0.419024
-0.412376
-0.40518
-0.397388
-0.388953
-0.379821
-0.369934
-0.35923
-0.347642
-0.335097
-0.321514
-0.30681
-0.290891
-0.273656
-0.254998
-0.234798
-0.21293
-0.189255
-0.163624
-0.135877
-0.105837
-0.0733172
-0.0381119
0
-0.499489
-0.495259
-0.490674
-0.485705
-0.480319
-0.47448
-0.468151
-0.46129
-0.453849
-0.445781
-0.437032
-0.427542
-0.417248
-0.40608
-0.393963
-0.380816
-0.366548
-0.351062
-0.334255
-0.31601
-0.296204
-0.274702
-0.251361
-0.226022
-0.198519
-0.16867
-0.136285
-0.101161
-0.0630861
-0.0218409
-0.558249
-0.553827
-0.549026
-0.543812
-0.538148
-0.531994
-0.525307
-0.518037
-0.510132
-0.501535
-0.492181
-0.482002
-0.470922
-0.458857
-0.445716
-0.431399
-0.415796
-0.398787
-0.380243
-0.360019
-0.337963
-0.313904
-0.287664
-0.259046
-0.227843
-0.193836
-0.156797
-0.11649
-0.072678
-0.0251326
-0.617024
-0.612411
-0.607393
-0.601934
-0.595992
-0.589523
-0.582476
-0.574798
-0.566428
-0.557301
-0.547343
-0.536475
-0.524608
-0.511645
-0.497479
-0.481992
-0.465053
-0.446521
-0.426239
-0.404037
-0.379729
-0.353114
-0.323974
-0.292076
-0.257173
-0.219008
-0.177313
-0.131821
-0.0822719
-0.028425
-0.67581
-0.671006
-0.665772
-0.660067
-0.653847
-0.647061
-0.639655
-0.631568
-0.622733
-0.613076
-0.602514
-0.590956
-0.578303
-0.564442
-0.54925
-0.532592
-0.514318
-0.494262
-0.472242
-0.448061
-0.421502
-0.392329
-0.360288
-0.32511
-0.286507
-0.244182
-0.197832
-0.147155
-0.0918673
-0.0317178
0.0218409
0.0630861
0.101161
0.136285
0.16867
0.198519
0.226022
0.251361
0.274702
0.296204
0.31601
0.334255
0.351062
0.366548
0.380816
0.393963
0.40608
0.417248
0.427542
0.437032
0.445781
0.453849
0.46129
0.468151
0.47448
0.480319
0.485705
0.490674
0.495259
0.499489
0.0251326
0.072678
0.11649
0.156797
0.193836
0.227843
0.259046
0.287664
0.313904
0.337963
0.360019
0.380243
0.398787
0.415796
0.431399
0.445716
0.458857
0.470922
0.482002
0.492181
0.501535
0.510132
0.518037
0.525307
0.531994
0.538148
0.543812
0.549026
0.553827
0.558249
0.028425
0.0822719
0.131821
0.177313
0.219008
0.257173
0.292076
0.323974
0.353114
0.379729
0.404037
0.426239
0.446521
0.465053
0.481992
0.497479
0.511645
0.524608
0.536475
0.547343
0.557301
0.566428
0.574798
0.582476
0.589523
0.595992
0.601934
0.607393
0.612411
0.617024
0.0317178
0.0918673
0.147155
0.197832
0.244182
0.286507
0.32511
0.360288
0.392329
0.421502
0.448061
0.472242
0.494262
0.514318
0.532592
0.54925
0.564442
0.578303
0.590956
0.602514
0.613076
0.622733
0.631568
0.639655
0.647061
0.653847
0.660067
0.665772
0.671006
0.67581
