5.6434 11.709 10.002 4.78
3.3496 0.23809 11.847 36.26
1.0282 4.2142 17.935 0.61
8.0793 5.6869 23.704 0
1.392 14.865 10.548 19.92
10.712 5.6491 21.174 0
0.11071 1.265 26.015 28.59
16.668 3.5715 23.846 1.27
14.831 15.195 11.701 10.57
-1.9159 0.69958 27.563 23.19
-0.7301 5.7251 29.158 0.11
7.9663 11.141 16.31 0.28
11.033 13.995 10.366 7.68
12.306 17.08 24.963 27.72
2.9118 13.089 12.065 59.46
6.2608 15.475 15.872 15.6
3.0585 -0.096461 10.387 25.82
10.88 1.5355 15.311 0.04
7.1344 -1.6298 21.482 75.76
0.23754 9.0891 23.995 0.02
-0.65034 5.5841 23.888 0.04
5.5866 -1.698 20.718 19.2
10.579 7.6007 28.892 13.99
9.0341 15.371 12.749 58.55
0.088494 13.451 17.954 1.78
0.61005 15.853 16.955 57.77
12.319 11.823 27.666 18.93
9.7764 12.322 16.978 1.71
2.7015 15.221 18.562 25.36
16.6 10.572 22.434 6.25
-0.40211 16.293 18.998 21.01
8.8708 5.4657 14.741 0
15.371 8.7766 10.057 86.85
9.6459 3.8359 20.541 0
15.022 4.4484 28.171 16.95
9.7702 -2.3806 28.589 1.15
11.121 17.249 13.447 9.09
0.045682 15.955 23.936 3.7
-1.377 12.412 25.078 0.06
15.763 11.533 12.485 12.67
-2.2994 -2.1728 10.566 6.31
2.2272 14.504 20.777 1.26
8.3594 14.144 12.483 31.2
2.8866 9.0182 29.392 0.05
8.5236 -2.3241 26.013 50.56
1.9625 13.445 17.757 1.66
14.574 12.245 21.125 8.9
0.032072 -1.4987 12.427 11.83
-1.806 -0.54715 14.514 9.2
11.563 8.4973 10.251 17.49
-1.2575 16.648 21.362 7.31
1.3688 2.3495 24.877 7.37
1.2116 8.9301 29.4 0.06
14.24 2.0999 19.875 0.03
9.7021 13.883 13.136 17.09
-2.3255 -1.2966 19.727 45.12
9.4296 8.68 16.347 0
17.075 8.8979 17.603 0.17
8.3219 12.21 23.385 0.25
2.6014 -1.3703 17.402 15.56
9.8973 1.5064 25.055 93.58
-1.3663 2.5093 26.095 5.36
1.1717 10.092 20.493 0
15.799 2.5689 11.319 0.55
12.004 12.747 28.156 24.11
15.942 -2.418 14.687 0.42
9.6385 16.283 29.004 23.94
8.436 15.615 22.831 18.65
5.1031 7.0228 22.086 0
8.2939 15.827 28.375 17.99
5.2005 16.568 13.479 7.29
-0.17044 0.0045506 20.113 5.72
-2.2665 16.262 26.542 4.42
-2.3967 0.82689 16.641 13.39
-0.077096 13.493 16.895 4.38
16.105 8.9433 27.577 89.83
14.198 15.411 19.198 31.15
8.2299 13.275 15.714 29.06
7.108 9.2852 10.311 13.47
9.1726 5.9765 26.147 0.86
3.6079 15.161 21.557 3.08
0.98317 13.062 22.241 0.04
-1.6188 5.7068 23.581 0.04
15.675 -2.689 29.535 0.6
4.8346 16.779 22.094 7.22
13.88 8.7972 22.562 0.07
3.0145 9.0396 25 0.01
14.469 12.405 23.961 8.14
14.593 3.7566 23.416 0.45
6.3204 4.945 18.216 0
5.3326 3.6506 22.438 0.04
5.9079 16.779 23.556 44.5
1.2744 5.837 16.867 0.05
13.256 14.903 28.077 45.66
10.557 2.7071 15.047 0.03
14.401 7.8573 26.043 15.27
8.7527 11.966 20.38 0
12.721 8.6801 19.314 0
4.1567 -1.3328 17.558 65.72
-1.1045 16.959 13.632 55.14
13.54 14.802 23.768 47.39
8.6929 0.5224 19.338 1.62
4.2064 1.8038 21.85 4.29
3.5484 15.629 28.193 30.06
2.4453 -0.47921 13.859 19.23
7.2947 11.875 14.164 6.12
2.2636 14.336 18.317 3.53
9.6367 1.9763 12.039 0.98
7.6201 6.8458 13.053 0.23
9.7391 8.1832 23.083 0
0.19388 12.334 14.441 36.82
7.69 13.009 10.447 49.32
3.7902 14.761 26.894 3.02
8.0718 14.635 28.996 9.77
13.831 14.385 11.975 15.69
10.329 11.373 22.205 0.11
13.295 -2.0056 25.405 13.13
11.938 2.4969 15.141 0.04
9.949 4.2089 25.932 3.47
6.2259 12.958 29.809 18.44
3.3079 0.16308 28.026 47.57
8.1342 16.798 22.732 9.64
17.181 8.2244 20.529 0.05
0.011525 4.4171 10.524 6.91
0.51087 12.216 10.608 11.37
4.6338 14.55 23.854 1.49
11.122 1.0757 18.838 0.02
8.9345 17.098 14.078 19.5
2.2576 2.5464 25.003 4.95
6.4425 -1.5584 20.17 18.99
1.5422 13.275 15.947 6.44
-2.1449 9.1716 26.877 0.06
4.9233 12.3 20.223 0
8.122 16.492 26.079 11.5
-2.0506 11.491 19.3 0.06
16.254 1.7316 15.341 0.06
-1.0676 5.8753 12.18 18.28
9.9787 13.362 23.936 5.28
12.627 4.152 26.917 53.53
5.8783 13.783 22.53 0.78
0.17143 -1.1293 10.367 52.13
-1.3625 6.4746 12.267 33.59
-2.1414 12.4 17.897 1.18
12.242 6.3511 19.002 0
6.8644 6.783 26.063 0
5.3508 15.397 10.741 22.12
12.78 -0.1842 22.37 28.14
-2.4897 8.0755 10.06 13.17
16.327 15.411 25.919 48.29
15.608 0.21413 13.155 0.07
1.0556 9.7529 28.116 0.06
17.102 11.525 24.636 38.8
15.489 5.3204 14.997 0.03
0.77157 -0.30789 26.252 23.82
0.23881 2.5889 26.382 5.61
3.5147 16.951 15.333 25.79
7.976 3.5923 28.215 46.12
4.6341 5.9748 20.246 0
16.081 -2.0781 24.338 43.26
15.123 -2.1513 20.441 6.15
3.8228 14.493 21.17 1.38
11.108 6.36 22.566 0
3.1049 -2.5101 21.535 22.27
3.5319 7.6483 28.328 0.05
5.8325 2.2509 17.426 0.4
15.94 16.04 26.887 5.49
15.707 1.861 11.75 0.24
1.8492 3.5905 13.495 7.06
9.4449 5.5747 26.327 1.52
1.0056 11.34 14.807 2.98
8.7873 4.2827 11.139 1.74
1.8792 10.585 19.945 0
7.6833 0.79737 21.414 5.63
17.238 13.64 21.887 48.94
16.823 15.334 21.912 9.39
-2.0485 -0.82549 11.307 17.74
6.3376 4.8117 29.507 8.67
0.66263 16.759 25.349 29.81
13.788 9.9553 23.375 1.19
6.8406 -2.4343 17.06 10.31
7.1444 11.905 19.373 0
6.4511 0.056222 10.218 20.71
12.469 3.702 29.688 7.49
1.7077 4.0771 20.478 0.11
12.401 6.5801 12.496 0.41
3.553 7.3934 23.477 0
12.706 -0.090317 10.458 4.12
7.6846 13.503 10.252 34.28
10.752 11.039 18.985 0
15.599 10.19 10.105 12.74
6.9915 14.489 26.608 28.98
10.286 10.777 21.57 0
2.7854 8.5136 23.435 0
4.3516 14.42 13.901 42.21
12.249 3.095 25.476 18.38
5.8577 13.457 17.071 3.11
1.5768 12.649 16.173 2.49
11.968 12.192 14.428 15.83
1.5852 1.2819 12.85 55.08
4.8446 -2.1645 12.218 5.73
10.794 13.298 11.611 10
1.937 1.4555 28.347 30.53
11.529 8.3807 16.09 0
14 6.0091 28.469 4.54
11.424 6.8636 12.524 0.47
16.824 0.49964 14.052 0.07
5.9266 5.387 12.935 0.5
11.889 1.0779 22.878 3.81
12.389 1.5176 22.019 0.8
12.282 10.067 21.943 0
3.2126 11.935 28.906 0.29
5.8142 12.947 11.123 6.53
14.008 1.148 17.902 0.05
3.3046 -1.095 28.093 21.58
4.7061 7.9169 19.882 0
-0.05381 1.432 11.524 13.84
7.4614 2.534 17.141 0
-0.53573 13.054 12.132 23.2
17.017 0.84619 21.448 0.12
-1.8001 13.045 13.792 19.21
7.861 12.105 12.999 12.96
8.3247 1.6353 25.184 14.29
11.761 0.83395 27.239 13.15
-2.3015 14.508 21.178 1.32
5.3674 12.478 24.339 0.02
17.049 2.8647 10.076 2.92
15.981 14.461 24.577 21.6
7.6367 11.442 25.611 0.29
4.8005 12.709 25.012 0.04
9.5672 5.3403 23.946 0
-2.6348 12.801 27.928 0.09
2.0893 -0.28169 14.406 15.94
3.3449 14.964 20.863 2.59
3.0372 0.070061 15.803 47.4
9.5804 3.7857 19.147 0
6.1853 13.866 18.527 2.4
4.2169 10.802 14.43 1.6
6.6479 3.5983 22.537 0
14.85 6.2567 25.689 6.21
6.4423 10.428 12.637 7.11
5.9626 15.489 22.11 15.4
12.638 7.397 19.961 0
14.161 -1.3409 21.465 65.3
16.158 7.6602 13.889 0.43
14.262 2.3358 24.015 2.97
8.1082 16.28 22.487 8.21
14.063 -2.5384 29.787 0.32
-1.1427 3.7456 28.923 1
-2.5183 13.758 27.224 0.09
6.0996 2.4179 26.054 23.85
6.8602 -0.01026 28.557 20.33
15.222 7.1339 27.134 6.46
5.6745 10.972 17.96 0
7.4178 1.094 29.3 9.52
3.1873 -0.62784 12.886 9.74
-2.4152 11.622 21.29 0.04
13.195 7.4446 25.836 3.18
11.218 12.86 18.13 3.54
10.258 0.89885 16.436 0.04
0.75506 5.4757 14.828 1.39
5.4414 16.807 16.406 8
16.953 10.029 17.502 1.32
14.453 9.6947 15.041 1.07
13.16 5.9617 17.15 0.01
3.9085 11.25 15.373 1.03
13.469 3.2087 20.882 0.02
7.0614 14.41 27.768 23.03
0.99066 9.0099 27.964 0.05
6.2253 15.74 15.58 20.59
9.4796 10.952 14.564 1.84
-2.4217 5.6374 28.77 0.09
4.1635 12.898 13.495 22.94
4.142 0.19492 24.335 32.48
11.289 11.073 15.068 1.94
11.15 1.8489 18.493 0.01
4.7414 4.4091 11.153 6.89
9.9359 11.449 22.272 0.07
10.269 0.70178 12.989 0.83
7.5865 14.81 13.679 82.59
6.5597 5.8816 19.946 0
0.53318 4.1518 15.238 3.26
14.194 13.31 18.533 43.5
9.4433 0.21228 20.192 2.87
3.2419 14.496 23.432 0.92
9.9724 -0.20201 19.412 2.65
17.034 16.269 22.902 71.02
0.33746 10.086 21.313 0.01
6.6763 5.8637 21.985 0
14.302 12.325 21.587 10.52
15.797 -1.4022 29.827 1.13
-1.6371 1.2929 18.455 40.52
-0.54686 9.7764 10.96 47.97
2.9954 -1.4763 24.07 10.12
10.672 4.8746 13.764 0.02
12.243 4.1106 25.906 8.67
7.061 7.8164 10.57 48.7
10.188 4.3161 14.584 0.02
5.9806 4.9523 19.396 0
16.893 4.5905 25.488 18.96
8.3583 15.086 17.099 7.26
2.2133 15.523 10.871 19.17
16.318 8.4311 17.527 0.03
17.204 -1.5298 20.334 0.84
-2.0751 8.7265 13.609 10.68
9.9222 16.921 27.498 29.18
6.3397 11.472 25.549 0.01
7.1998 7.8736 13.016 0.6
4.691 0.14739 24.538 28.46
6.8432 6.2805 27.72 1.32
7.8553 5.4848 15.378 0
-1.2568 5.6657 10.515 28.61
3.126 7.3732 29.319 0.2
-0.50937 10.764 19.999 0.02
12.845 0.17511 11.664 1.21
5.2873 13.242 13.834 67.5
12.659 3.1089 14.338 0.04
-2.3627 5.2761 17.622 1.81
10.49 -1.2787 13.052 4.29
-2.3655 -0.42111 23.036 4.32
5.3561 3.7235 21.158 0
17.172 13.993 23.992 21.45
15.668 -1.9025 11.407 2.14
6.7831 4.2863 28.745 19.72
7.0943 8.0959 27.905 0.77
6.2357 14.844 15.072 10.68
2.7792 3.8702 20.951 0.06
1.7055 10.732 12.856 40.76
-0.81503 14.707 14.737 6.3
5.023 8.7338 20.516 0
-1.1766 14.785 29.023 1.17
13.553 2.979 20.557 0.01
4.0913 8.3963 29.488 0.4
3.537 10.679 16.519 0.02
12.793 3.8192 27.797 39.71
12.337 12.556 19.39 2.81
1.5183 -1.8675 16.437 30.07
-1.9548 11.18 23.407 0.04
5.9124 12.659 20.72 0
-1.8998 -0.0011702 13.868 8.87
4.0162 -1.6508 22.102 14.23
7.5442 9.6522 18.647 0
14.257 6.3841 10.308 8.48
14.764 10.427 26.46 22.05
16.338 -1.6788 14.701 0.09
-1.4302 5.7361 27.277 0.08
-1.0646 6.7652 12.511 43.69
12.761 14.131 10.866 12.85
7.0318 2.0912 29.049 9.24
16.181 9.5816 29.47 6.73
4.2002 15.26 18.692 17.5
2.0193 16.12 23.684 7.1
-1.3988 14.711 24.028 0.59
9.4015 11.95 15.069 3.74
9.3127 13.595 11.082 12.14
-0.086819 14.152 22.367 0.31
7.9287 2.2688 15.902 0
14.757 5.7363 11.289 1.59
15.243 1.3706 26.525 20.83
14.938 7.038 21.969 0
7.8483 9.7994 27.101 0.61
2.9458 14.978 21.354 2.16
-0.39497 1.843 21.92 12.3
2.0919 -0.068719 13.237 45.82
14.2 9.3466 29.271 10.44
4.2166 9.2155 21.98 0
9.6171 -1.5135 25.006 36.41
16.267 7.9965 13.851 0.77
12.361 -2.5507 16.565 5.13
15.655 9.0703 27.104 7.19
9.3964 13.755 27.59 100.01
3.7227 -0.23794 24.426 2.46
6.1099 -0.16232 21.796 24.89
-1.9757 1.3066 25.766 7.8
-2.4551 3.3699 10.428 11.31
17.253 8.9436 15.868 0.69
15.882 7.4454 19.094 0
9.0604 2.5857 16.106 0.01
4.7361 2.1919 21.691 1.72
11.22 -1.2581 29.422 1.72
12.364 13.426 25.033 42.31
-1.0958 6.9369 18.913 0
10.752 6.2777 24.086 0
10.936 11.246 22.372 0.25
0.32258 12.519 25.621 0.06
15.385 1.9783 13.534 0.06
5.1249 3.7143 26.31 2.37
9.5735 12.503 18.553 0.97
-0.70822 -0.39633 17.468 14.59
1.1799 13.718 21.993 0.11
11.08 7.1252 11.763 1.55
2.0045 6.535 13.972 1
-2.1875 11.891 24.498 0.05
3.9108 14.173 18.569 2.58
14.597 10.444 21.621 1.02
1.3175 7.8939 27.889 0.04
3.4028 14.722 28.175 4.24
3.8999 10.964 27.984 0.05
-1.1831 14.875 13.817 47.1
14.298 10.645 16.887 1.07
0.33048 10.01 26.956 0.05
13.74 9.8678 29.126 7.06
9.1014 1.2596 18.587 0.19
4.0379 17.142 17.605 17.15
17.157 7.6791 13.446 1.16
-1.2056 4.7091 12.468 62.66
9.9933 5.5814 29.818 12.19
15.902 0.28769 17.898 0.07
6.5346 8.5219 25.607 0
7.0468 5.7028 15.24 0
15.519 -2.2516 26.422 19.57
1.0723 11.018 17.104 0.12
16.787 -0.24159 13.751 0.08
15.092 8.9711 16.185 0.08
-2.6817 1.8549 12.908 16.28
1.3716 15.229 27.462 2.44
11.309 6.7129 26.543 2.94
7.2195 4.5727 15.512 0
15.798 5.0428 19.858 0.01
2.3917 15.002 17.665 26.81
3.2545 11.655 13.817 8.16
-0.33318 14.043 24.883 0.08
9.1134 2.1608 22.465 0.99
10.07 3.8544 11.35 1.1
14.914 6.5021 25.277 3.4
2.3807 9.1307 18.576 0
4.945 -0.16276 14.885 9.34
-1.1102 3.3601 24.834 1.46
9.6033 10.751 10.168 49.85
10.871 7.3666 14.618 0
0.8009 1.0026 26.885 13.05
16.955 15.578 16.947 38.05
12.907 8.2321 26.329 5.94
6.9775 9.102 25.745 0
-0.69234 8.0431 17.32 0.04
9.3891 16.479 17.856 7.53
5.1624 13.116 22.902 0.06
5.1806 11.082 18.08 0
0.025231 6.3158 16.688 0.19
1.6623 15.818 23.793 3.92
9.2794 12.236 20.839 0.25
11.314 15.914 27.252 42.35
0.6518 2.5657 11.432 15.47
16.876 2.0306 23.212 1.14
-0.90442 1.5184 20.056 22.3
-0.59796 5.0804 20.76 0.05
4.0871 8.421 20.735 0
5.1152 11.228 23.57 0
11.049 8.5328 17.162 0
9.5652 16.018 21.938 30.05
16.895 6.1231 24.792 3.79
-1.945 12.598 20.366 0.05
-2.5907 2.847 20.697 62.5
12.662 -1.6352 20.981 38.3
13.323 10.295 28.629 99.95
-1.2024 2.8391 28.385 3.11
12.603 9.2978 26.659 32.56
15.224 16.757 29.97 0.8
0.095954 -1.2862 11.469 27.72
-2.4022 16.739 11.895 14.17
14.138 11.006 19.751 0.89
4.2369 4.3759 15.077 0.18
15.523 11.816 10.519 24.48
6.5334 2.929 10.579 11.32
14.997 12.723 16.595 16.62
13.234 3.7957 16.158 0.03
15.865 16.841 20.471 8.71
16.342 15.063 20.361 26.76
4.7579 11.51 19.113 0
9.4072 17.111 25.478 14.91
3.9885 -0.91707 13.698 12.48
7.84 5.645 26.013 0.46
15.967 0.86026 27.201 99.84
16.451 16.492 10.757 0.66
-1.5454 -2.5811 16.254 6.32
-1.5831 3.1802 17.12 44.49
16.377 6.842 15.565 0.04
7.3631 10.17 12.225 10.26
12.464 14.342 26.885 10.68
15.113 4.9398 18.876 0.01
-0.6654 1.8191 29.426 35.23
2.9954 15.451 27.811 8.2
15.753 0.42596 27.594 33.53
9.9429 1.5155 16.902 0.02
0.50134 6.1899 11.675 99.98
0.60934 1.2469 23.821 40.47
8.779 14.769 14.893 8.89
9.8951 -2.0084 20.324 11.5
14.567 16.985 10.197 0.5
2.3598 1.78 10.951 4.32
-2.4936 7.1069 10.91 52.18
2.8695 10.102 15.894 0.1
2.6961 9.1139 17.611 0
11.353 7.2254 22.664 0
4.3709 3.0438 12.664 3.93
16.045 13.4 28.761 16.24
1.0106 15.966 28.715 13.51
2.9739 2.7957 21.029 1.09
1.0088 6.145 13.706 2.18
16.25 7.1795 29.278 5.24
10.202 6.9893 29.354 10.15
0.16676 9.9496 23.238 0.03
5.9798 -1.5099 19.854 24.05
6.6056 13.438 15.133 20.03
5.1316 2.1064 23.729 4.99
17.101 0.85156 26.429 45.54
1.9227 -1.5375 12.776 13.02
16.006 15.074 15.785 12.51
16.258 14.302 18.693 37.84
6.664 9.9 13.161 2.28
-2.4014 2.6132 10.309 47.62
10.793 8.3323 16.433 0
12.907 0.21868 14.898 0.07
3.1492 1.2216 11.759 14.67
14.702 -0.93326 23.674 16.43
-0.28902 -2.4831 21.145 5.77
15.445 14.512 16.769 8.96
-2.1539 13.32 26.12 0.08
14.673 10.696 26.156 37.75
15.253 6.3796 21.157 0.01
7.4256 11.143 23.658 0
7.7092 13.872 20.116 2.09
13.8 2.9399 13.57 0.05
16.7 12.142 15.196 17.32
8.9277 16.408 11.615 43.32
-1.0263 9.6857 14.49 2.92
12.607 8.666 23.324 0
-0.54075 -1.0114 22.502 8.87
5.4976 -0.95198 17.421 28.15
10.746 1.0947 27.915 67.96
16.3 16.534 24.602 10.6
5.4287 12.178 15.76 1.69
3.5913 9.4209 21.897 0
14.876 2.395 25.324 40.87
16.123 -2.6764 19.522 2.78
10.444 14.169 13.675 13.19
14.426 4.5903 27.845 16.38
-2.1428 -0.98923 29.628 8.93
9.493 5.6556 13.384 0.01
10.301 -1.9575 16.232 10.96
3.7726 9.4518 23.017 0
14.224 15.855 23.209 99.98
8.8664 5.2773 29.332 28.38
0.38455 15.205 16.22 6.72
8.2727 10.944 14.729 1.34
0.6577 7.4726 25.837 0.03
11.151 -0.31757 28.015 39
6.8977 16.237 21.069 9.76
-1.001 1.3522 27.085 64.84
11.422 15.202 16.583 19.01
7.863 10.311 21.886 0
1.9322 5.8394 14.962 0.48
14.215 17.037 11.331 1.1
11.582 3.9053 22.509 0.01
2.4656 10.323 17.423 0.01
3.1994 15.538 28.85 20.98
9.574 1.5923 28.788 21.58
12.312 12.325 14.234 61.67
13.906 2.1049 22.632 0.61
11.518 12.151 17.805 1.65
12.499 15.362 21.748 47.83
-0.88884 -0.11751 12.105 12.13
0.75752 -0.16841 25.566 28.17
-1.9088 2.1341 27.581 10.3
16.773 9.4114 29.525 29.13
-1.828 16.274 16.226 59.87
13.282 13.516 27.2 51.11
6.474 15.916 15.158 7.49
15.992 9.6854 29.709 39.81
-2.0442 11.806 21.311 0.04
7.1514 2.4873 16.537 0
2.2922 1.6883 25.993 22.64
7.3509 -1.0332 25.54 35.82
7.9759 12.091 20.308 0
5.3019 17.028 10.565 3.4
15.958 15.92 17.818 8.66
1.5923 9.6872 13.559 3.06
13.367 2.3816 15.816 0.04
15.621 15.361 20.708 60.26
14.56 4.3536 29.958 22.18
5.9768 3.1992 10.831 8.92
17.097 6.6007 24.692 4
10.119 11.765 11.022 29.99
15.704 15.84 21.04 73.1
16.581 2.9221 22.043 0.05
5.2322 9.8634 16.013 0
13.69 -1.3013 10.838 4.26
-1.7091 0.31207 17.907 10.2
16.411 -0.48112 22.951 9.64
7.8554 4.3678 13.964 0
1.7148 -1.8206 24.263 58.87
10.38 6.1784 24.379 0
-0.49751 16.077 26.953 4.4
10.484 4.8796 18.331 0
6.946 16.009 27.272 19.7
6.8614 8.3933 27.508 0.29
16.288 10.087 24.97 61.38
4.3355 15.664 26.735 37.37
8.3441 14.656 26.997 42.95
13.471 -0.083176 20.72 1.15
15.319 12.72 18.414 28.11
16.861 2.3184 16.672 0.05
16.387 13.477 28.007 14.08
-2.4652 4.8983 14.71 10.55
3.2217 12.063 24.482 0.03
6.539 4.6085 21.694 0
7.9771 8.3146 22.31 0
5.2159 12.737 15.024 6.81
10.418 16.511 10.071 1.87
11.77 -0.51713 20.876 5.11
9.8413 2.1619 28.277 4.37
9.7492 1.9369 25.403 43.81
-0.58689 8.4075 11.899 18.65
8.9226 2.3626 22.989 1.23
11.62 7.7867 23.15 0
13.569 13.453 22.394 10.33
6.325 5.462 27.495 1.51
11.362 1.0017 21.315 1.03
15.479 0.31677 26.91 16.01
13.707 7.2898 10.752 8.23
0.25302 15.756 10.883 21.2
4.7529 9.6838 13.939 1.06
16.925 0.42247 20.794 0.06
9.6632 1.9228 19.326 0
7.1231 12.64 22.686 0.09
6.654 10.642 19.068 0
7.8172 10.474 13.624 2.36
13.064 9.3603 29.607 4.33
1.7506 6.6283 27.913 0.07
9.3316 11.822 18.273 0.26
10.989 16.224 14.004 20.36
13.45 16.694 10.291 1
1.6072 -0.34949 25.348 13.67
-1.0727 17.271 17.792 21.92
15.407 1.0745 18.817 0.05
14.199 9.2084 19.243 0
7.556 8.7807 18.806 0
1.1741 -0.41772 13.025 25.56
-1.6472 8.4765 26.954 0.05
4.4854 -1.1908 18.514 18.33
9.3431 5.811 26.214 1.1
16.141 14.701 24.08 4.78
6.7089 10.957 10.268 26.98
16.953 0.74451 28.125 5.35
13.445 13.306 15.379 43.43
1.686 5.879 26.987 0.07
6.3106 16.011 17.054 13.89
9.6908 16.917 22.869 7.24
-1.7871 6.5741 16.695 0.85
7.9466 2.9979 12.445 0.84
10.669 10.93 27.343 14.26
-0.049403 13.275 26.535 0.08
10.234 1.4014 15.228 0.04
5.6729 8.1389 19.549 0
6.6522 14.1 27.402 19.68
13.638 14.859 21.42 14.57
16.584 9.4339 22.079 1.4
3.6889 10.927 11.039 73.8
-0.0061041 -0.092189 23.104 27.96
0.80962 4.1259 10.886 23.77
1.9777 16.587 20.183 10.52
0.32446 7.7631 28.87 0.06
14.617 5.1443 15.677 0.03
12.538 2.1127 15.085 0.05
-1.0153 14.586 18.958 4.03
8.5387 12.037 25.93 1.54
6.2531 0.98552 26.575 4.71
-2.0771 16.238 21.54 18.82
14.811 9.4743 15.033 0.9
3.2256 7.9614 29.242 0.1
0.99288 7.5009 16.876 0
12.697 13.36 18.491 30.29
1.3854 -1.3552 13.973 27.88
2.751 9.2787 27.462 0.04
-0.13241 16.467 23.663 10.06
12.142 16.961 18.322 19.2
7.9346 10.887 20.258 0
3.2852 -0.58934 15.699 4.07
12.68 10.119 26.027 9.09
7.6454 1.945 22.559 1.91
3.3831 -2.1065 28.067 5.56
5.7104 5.8256 24.825 0
16.272 -1.2467 13.454 0.08
3.7501 2.2715 19.91 1.52
13.792 14.382 21.917 11.73
2.1064 1.0328 24.868 17.4
2.0472 8.0928 24.986 0.01
1.8679 0.79299 10.795 26.19
0.25434 14.332 12.093 8.48
1.7759 -2.0419 23.527 28.96
1.937 5.5748 12.786 3.66
4.8473 5.7917 19.459 0
5.7598 -0.6419 25.452 75.68
0.047088 5.7888 15.439 1.14
3.3231 10.751 20.356 0
1.1047 6.6857 16.791 0.01
11.393 1.8249 26.9 15.42
7.8276 7.3154 15.074 0
1.0261 6.7393 29.636 0.11
-0.038908 2.9722 26.013 2.67
10.599 2.8781 16.293 0.02
5.7019 9.3587 24.387 0
14.449 10.925 14.74 6.33
15.817 12.927 16.148 7.69
3.4023 14.926 12.522 7.32
9.9722 2.8572 26.544 15.53
4.5934 11.97 13.848 11.59
6.9319 13.375 17.94 1.91
0.53445 10.283 25.067 0.04
2.9068 6.3302 28.009 0.09
14.743 11.447 21.818 3.68
13.651 15.456 10.05 2.41
5.2475 8.5312 24.678 0
-0.94758 5.2981 15.592 2.57
5.7732 7.2625 23.2 0
7.2277 9.7123 21.649 0
5.8696 -2.5975 13.89 16.74
3.7071 0.24253 21.973 56.5
9.533 7.3048 16.417 0
10.368 1.1086 10.118 7.45
12.002 6.173 23.957 0
1.0038 -1.4446 17.562 29.75
11.223 -0.64067 13.917 1.13
6.382 9.726 25.002 0
-0.50233 9.7954 17.747 0.05
10.705 1.3742 20.558 0.29
0.74622 -2.3234 19.739 11.35
0.98652 10.07 20.731 0
12.802 5.1622 29.789 12.45
7.6073 6.8794 24.989 0
8.7567 4.5523 19.785 0
1.0857 5.1746 10.599 54.27
6.5535 2.7924 20.534 0.07
-2.1116 8.4047 15.86 1.18
8.8528 11.958 18.807 0.15
10.566 2.0812 29.972 11.79
2.1605 16.12 14.344 26.75
7.2543 13.727 24.332 1.83
11.415 6.1118 25.084 0.55
15.702 6.13 20.559 0.01
-1.3763 5.1184 19.345 0.43
15.206 -0.48588 24.623 14.11
8.2124 9.4337 10.596 14.47
0.23792 2.9826 10.097 11.31
10.686 14.708 20.939 33.95
8.1662 9.6175 16.044 0
4.6376 8.8018 26.184 0.01
1.3349 3.8534 24.858 0.56
4.1214 -1.7448 13.127 14.03
1.1803 7.2052 22.702 0
14.907 15.354 16.143 3.65
12.371 2.9515 17.372 0.02
3.1575 5.5768 14.294 0.5
3.6827 -0.25864 29.26 11.22
7.3826 15.765 24.923 23.26
6.4571 12.395 22.56 0
3.3781 7.7362 24.246 0
3.4092 -2.4466 15.365 22.43
13.238 15.903 22.507 51.82
-0.040883 12.454 20.538 0.03
12.38 14.475 28.951 9.92
10.394 14.388 24.852 18.56
11.845 14.479 28.46 30.65
15.344 5.218 11.68 0.79
13.894 8.0816 20.842 0
13.806 -2.0573 27.559 7.31
-2.0044 11.167 21.75 0.03
10.138 4.7846 15.509 0
7.4911 15.019 21.306 13.02
10.566 6.1306 29.443 21.75
12.153 4.401 23.071 0.02
8.1553 14.984 15.501 10.46
-0.53568 1.1284 17.741 5.26
14.384 2.7199 22.527 0.18
9.774 5.4639 11.007 1.95
12.2 3.2175 17.969 0.01
4.8478 10.575 11.727 27.55
8.3008 -2.3886 29.661 0.59
9.2715 4.9853 12.935 0.02
11.241 15.419 16.362 21.75
12.633 3.0529 29.145 9.49
11.349 9.8033 28.615 27.5
2.6838 15.775 23.562 4.69
12.73 8.7357 26.678 15.14
11.269 0.23514 22.249 9.09
2.8894 15.621 13.965 26.74
3.0173 -1.7439 18.952 7.34
8.4547 8.7742 28.108 2.36
4.2512 6.2535 27.025 0.05
8.8396 10.383 15.567 0.22
7.0524 9.722 12.668 3.35
-2.0389 -0.42881 19.549 42.8
-2.2165 9.8271 11.952 34.44
2.3222 5.8328 12.317 4.41
2.714 -2.2754 29.701 3.9
9.5344 4.87 10.531 3.15
5.0997 6.3541 28.62 1.14
2.8731 9.5986 23.303 0.01
1.0222 7.4182 25.73 0.02
-0.76545 9.4237 10.521 13.93
-2.5561 -1.5065 19.628 15.17
15.817 5.4141 11.501 1.19
14.53 7.6889 16.379 0.02
16.564 16.068 15.2 23.98
1.3308 9.0811 26.85 0.04
4.0374 9.0316 13.245 1.63
1.1948 12.53 13.002 9.65
2.6211 11.093 10.302 15.06
-2.0531 3.0535 16.732 18.32
4.5473 13.447 10.72 9.77
4.4709 10.069 12.86 4.56
14.458 10.214 12.306 42.54
1.4649 12.213 18.068 0.23
6.9924 15.052 12.749 45.84
16.59 -1.8444 11.989 1.08
1.7677 13.435 19.117 0.7
10.368 0.78939 13.334 0.56
7.7199 12.109 19.249 0.04
14.695 10.511 14.982 3.1
2.001 4.7839 25.132 0.05
16.062 14.541 15.232 40.43
5.5485 9.5338 20.937 0
5.0885 -0.66862 24.245 23.49
-0.93433 14.625 27.269 0.58
11.472 7.0315 23.983 0
5.2027 13.253 25.728 0.6
0.41354 3.6593 16.88 2.64
4.5864 8.6359 10.834 18.3
10.502 1.3356 18.329 0.02
6.3208 4.2775 17.666 0
0.90909 -1.3344 21.025 11.95
9.2203 0.21296 14.619 1.17
3.0305 13.918 13.068 22.71
8.3457 8.6658 16.868 0
4.3153 16.485 21.067 18.17
10.358 7.1178 22.933 0
9.408 0.20643 16.694 0.89
6.5116 -0.1406 17.261 44.91
1.8658 14.253 16.829 17.02
1.8388 5.4666 23.661 0.02
-1.3846 0.91755 23.886 7.2
12.348 9.6581 27.584 74.5
0.67897 11.374 28.345 0.07
0.31776 2.1782 20.934 37.3
4.1854 11.116 11.151 39.3
0.51825 11.628 29.412 0.08
15.894 15.324 12.555 13.23
0.22155 -1.2517 20.851 16.96
14.953 7.9388 25.634 8.63
1.072 14.565 13.748 13.12
-1.6018 5.7328 21.102 0.02
16.718 -0.86196 15.478 0.08
-0.59489 5.1118 15.78 2.1
7.569 4.2681 28.565 50.75
13.102 14.523 12.59 40.47
8.8044 1.5986 27.365 11.21
-2.3966 -0.58215 17.521 17.22
5.3448 2.8474 11.921 4.69
-0.32242 3.6619 29.016 1.53
1.4511 12.249 15.164 4.33
-1.9522 -2.376 13.054 8.71
6.5447 12.421 24.576 0.11
4.3508 6.8858 26.281 0
14.071 3.7013 10.085 3.03
-1.7584 12.059 15.453 6.18
6.9327 1.1436 26.942 36.85
7.3705 7.8462 15.762 0
7.543 -2.6578 15.546 22.43
4.2782 2.982 11.719 11.84
7.7386 13.073 28.852 16.84
7.2488 9.178 15.817 0
0.28616 -0.059599 24.647 6.08
11.992 0.88997 18.271 0.04
9.1859 -0.19139 25.707 18.59
9.7028 9.6074 24.024 0
17.047 8.5509 27.288 10.69
5.6771 10.392 28.505 0.61
10.586 3.3646 22.399 0
4.3293 3.7503 22.204 0.02
0.50943 7.0377 28.913 0.08
4.9813 1.0822 19.377 5.2
14.121 14.156 26.556 6.56
-2.4675 2.6438 29.998 2.53
-0.30337 7.1048 25.801 0.04
-0.25275 10.551 19.762 0.02
1.1888 14.876 13.63 30.53
10.084 12.12 21.253 0.45
9.8798 -0.31772 16.161 1.24
9.0422 5.2122 23.279 0
14.342 1.1074 28.065 11.32
4.9665 16.165 22.348 65.57
13.105 7.5985 20.623 0
3.8548 -0.10974 17.676 99.44
1.6025 -2.0397 15.498 14.24
0.91449 14.814 11.625 40.65
0.98088 11.384 28.385 0.07
2.3321 -2.271 29.21 4.94
10.947 3.5162 19.447 0
9.2881 4.7803 27.49 24.45
11.826 16.39 17.021 26.39
16.046 6.885 22.846 0.18
12.036 13.49 17.925 28.04
6.2619 13.649 24.351 1.08
16.12 16.895 13.578 2.09
1.8614 11.623 24.948 0.04
9.3666 14.849 15.04 37.87
4.0927 7.1959 16.301 0
8.2117 10.953 14.407 1.8
7.0097 17.163 16.483 63.57
-1.9898 13.65 20.066 0.84
-1.6414 15.109 18.09 95.6
15.888 5.3445 11.537 1.09
2.209 4.3082 25.015 0.18
0.99793 5.9224 27.465 0.08
7.9782 -0.63394 10.49 31.29
11.419 16.886 25.703 11.6
12.597 10.812 25.91 17.93
-1.8967 2.5966 23.908 6.82
14.643 10.795 13.526 22.04
16.029 15.371 11.734 4.31
1.163 2.8068 24.768 2.98
14.49 8.8694 13.993 0.98
5.6048 0.060151 28.348 14.79
12.594 7.5072 19.072 0
-0.74019 3.6765 12.413 54.21
12.95 8.2006 14.546 0.05
1.787 2.5109 16.177 5.96
5.0571 3.2539 23.591 0.73
-1.9956 3.8652 24.906 0.71
16.159 13.358 14.817 17.87
1.9613 1.1097 27.65 7.57
2.0601 12.467 15.221 4.66
-2.0354 11.972 24.524 0.05
-0.91785 3.837 28.967 0.98
0.56195 -0.96358 21.892 34.01
15.923 -0.021466 20.26 0.09
10.983 0.73956 10.225 6.13
15.057 -1.9924 15.149 0.34
10.337 3.0186 10.194 3.86
8.812 3.4588 13.03 0.11
16.729 0.60241 24.545 25.75
15.117 14.477 13.685 92.22
2.0391 -2.3298 28.628 5.29
15.045 9.2123 12.187 14.82
0.77382 8.8422 15.033 0.67
3.3064 0.72271 13.792 33.66
6.5714 7.5004 20.232 0
17.246 -0.10512 25.123 11.16
13.178 9.0006 19.255 0
15.172 13.867 11.006 13.88
16.563 -2.5502 21.463 18.6
8.7516 13.991 17.694 14.03
-0.87622 8.9367 10.497 9.45
4.5389 17.009 27.376 36.74
0.3529 13.279 26.22 0.07
15.867 1.7907 19.979 0.04
13.852 10.65 21.879 0.9
10.342 2.0733 10.511 3.23
12.028 3.8388 17.535 0.01
9.5553 10.446 14.058 1.71
13.824 4.9071 22.635 0.03
16.631 8.5987 17.178 0.05
9.6824 7.3388 19.048 0
11.948 15.793 19.585 44.21
-0.93243 8.696 14.899 1.52
-1.9055 13.066 15.455 21.3
12.844 7.0671 16.359 0
3.5835 -1.8565 20.688 13.06
13.774 -1.0191 12.171 1.24
7.8881 10.506 23.895 0
3.5674 -1.9415 18.291 5.87
1.8239 -2.6747 23.714 5.88
16.344 5.126 16.006 0.03
8.378 14.342 25.899 33.46
10.998 5.9451 23.809 0
1.6235 2.9818 25.556 2.75
15.903 1.104 15.921 0.06
-2.5728 5.9342 14.206 27.55
10.131 11.495 12.376 7.67
-1.0542 15.43 17.785 76.96
7.971 16.568 25.181 30.13
3.8138 -0.98005 20.72 7.9
4.0255 -2.2633 25.423 18.45
5.0012 8.7294 25.115 0
16.12 9.5494 16.308 0.72
-0.4955 -1.2187 16.394 41.28
10.52 11.206 14.154 4.31
-1.0411 3.4132 20.951 2.29
12.396 7.8961 15.74 0
9.7866 2.5997 23.054 0.89
14.141 10.082 21.313 0.33
3.4458 14.839 29.776 36.06
12.853 8.7758 12.826 1.88
3.6015 4.6402 15.838 0.06
6.222 9.5156 14.258 0.47
2.2982 -0.45402 16.152 33.52
7.2519 7.0991 29.912 96.82
16.925 6.0342 29.44 29.58
1.5909 8.1254 19.069 0
16.655 14.026 14.283 9.82
6.0937 0.67251 20.582 12.5
13.173 -1.9794 13.827 1.53
16.852 16.519 21.132 50.29
10.225 2.7448 29.042 45.87
10.698 10.639 10.222 33.37
14.362 12.869 23.698 20.61
12.119 0.43442 24.376 50.97
-0.76066 11.442 10.053 45.07
12.827 7.1341 14.088 0.04
11.888 3.6161 27.676 20.6
0.90764 16.074 29.415 49.51
3.3927 14.553 26.844 1.88
5.7952 4.5767 15.649 0
17.168 2.418 28.414 21.93
5.8697 16.012 26.777 37.55
0.41851 8.7886 23.47 0.02
5.4194 -2.5995 16.507 3.33
14.082 -1.4406 12.108 1.57
11.339 7.5861 19.963 0
4.7752 9.3732 27.029 0.02
2.8414 14.198 18.332 2.91
7.3226 11.895 15.174 2.3
15.736 11.344 22.379 11.16
2.7631 11.22 15.144 1.42
13.632 -2.4676 13.331 2.3
8.4595 11.549 19.85 0
14.859 16.82 19.286 5.88
12.663 7.1984 23.302 0
1.8005 -0.5062 29.58 11.3
13.603 3.0106 21.717 0.03
4.9044 0.82973 18.377 7.55
3.2467 -2.3646 17.747 9.99
15.721 13.867 21.481 33.21
3.6759 1.9283 29.12 5.24
8.5952 1.6551 14.99 0.16
16.495 2.0793 12.134 0.1
0.98221 12.627 24.175 0.05
6.0618 13.179 20.35 0.34
5.5749 -0.34819 27.678 35.34
2.8148 9.6282 29.692 0.06
1.0913 16.607 23.054 77.02
-0.1224 12.742 29.036 0.09
8.5586 11.074 10.527 28.67
17.084 3.6721 10.478 2.17
13.474 16.768 24.752 12.41
-2.6423 -1.4298 21.685 32.08
4.0173 14.94 27.473 5.59
17.053 11.62 27.538 17.28
3.696 -0.47349 27.307 23.9
3.3724 5.6896 22.921 0
9.405 5.7214 17.723 0
-0.24341 7.9802 14.657 1.36
12.399 10.8 11.439 49.47
17.088 12.912 14.557 11.99
-2.0822 6.8704 17.055 0.62
8.2332 10.496 25.944 0.26
-2.4261 11.589 15.906 3.4
17.031 14.228 21.208 20.96
9.2583 1.1445 14.525 0.35
0.38323 4.8592 12.239 10.1
7.5284 10.073 12.444 6.05
4.1869 -1.2901 20.515 14.49
10.309 9.6124 26.277 1.42
2.0143 9.6666 16.057 0.04
-0.92168 3.4082 11.427 37.46
16.474 11.846 12.029 5.72
13.028 4.3461 28.229 89.18
7.2129 14.757 14.411 57.86
4.6468 4.6397 11.943 2.99
3.9233 10.497 19.331 0
14.888 2.6964 17.096 0.04
3.7101 8.3377 13.764 0.77
0.76785 16.093 17.533 49.72
9.0449 -1.594 12.817 55.99
-0.76986 13.545 12.063 3.26
7.6293 0.41453 15.576 1.95
14.955 9.9348 29.273 21
9.2973 -2.5066 18.313 20.91
-2.2482 3.5827 19.632 5.42
8.8122 2.076 21.166 0.36
5.2014 7.4346 13.919 0.11
0.438 12.393 16.599 1.64
10.187 8.6121 27.991 8.9
14.917 6.1652 14.095 0.05
9.9468 10.04 23.848 0
15.452 12.955 22.506 8.02
9.3223 1.5581 23.027 3.71
13.593 15.749 28.333 24.87
8.5249 2.4996 16.676 0
17.258 7.8149 26.318 23.58
9.2433 7.4416 16.971 0
8.0584 -2.5623 27.534 1.99
8.5327 -2.2114 26.363 13.17
0.010055 -2.0843 19.247 11.22
16.516 -0.82475 11.312 1.15
14.902 13.73 26.399 14.38
6.6593 5.8528 18.021 0
8.9473 11.882 25.686 1.47
10.399 8.5523 18.248 0
3.7013 3.0279 15.924 1.02
10.958 12.552 21.952 1.58
1.7602 1.1909 25.314 5.07
16.877 -2.3788 14.978 0.15
13.149 11.686 14.92 14.3
8.4008 9.0147 24.428 0
6.5764 5.3999 16.16 0
2.0691 -0.84697 22.918 13.75
10.694 11.05 10.063 40.26
6.068 -0.24597 20.532 51.08
16.898 7.2885 17.493 0.02
13.58 16.667 15.742 89.76
13.363 17.226 12.236 1.83
7.9239 13.573 17.526 4.23
6.2185 12.321 11.967 11.9
4.5135 8.5771 14.772 0
14.102 12.62 29.311 42.94
7.7627 -0.56654 28.732 15.35
13.988 8.1913 26.726 12.06
14.937 12.825 21.425 34.01
9.6089 14.191 22.444 9.29
1.4326 11.133 20.64 0.01
2.5679 -2.6813 14.71 3.82
10.774 14.869 26.614 48.49
-0.53488 -1.2745 25.232 83.45
2.9996 2.739 10.04 8.69
-0.72625 0.014908 13.187 39.83
6.2092 13.586 26.246 1.98
15.503 6.1748 24.174 1.05
7.0696 -1.7002 11.609 9.25
2.2218 16.935 23.838 31.36
2.6631 11.428 23.227 0.02
-1.8312 4.5327 25.475 0.13
-1.1266 14.991 28.617 1.32
14.365 -0.34948 21.303 1.91
11.454 15.063 11.916 30.07
13.618 2.8633 21.846 0.03
11.699 12.843 15.893 10.42
9.4505 3.0524 29.966 10.22
13.593 5.5825 27.583 8.08
11.953 15.878 13.432 34.15
3.1997 -0.8223 16.36 15.4
4.9267 9.9572 19.43 0
11.656 2.6874 13.461 0.04
4.8854 6.0646 18.443 0
15.574 2.6943 17.041 0.04
1.6072 4.7414 17.797 0.12
8.8115 2.8703 15.19 0.01
11.684 15.507 12.442 17.62
0.94875 -0.03484 23.672 8.54
1.5832 9.3944 14.034 1.64
13.658 3.6251 23.392 0.41
0.27764 3.4219 15.945 6.03
10.005 10.921 26.905 4.4
0.96991 12.512 24.239 0.05
8.4538 10.306 11.8 37.67
0.24048 5.6144 24.227 0.04
0.65939 5.0826 19.959 0
16.004 -1.5931 26.58 29.65
16.986 2.6484 27.801 28.2
3.109 13.283 19.197 0.47
9.2551 2.0363 23.752 3.8
0.27666 8.4967 19.887 0
14.047 6.9323 25.695 4.04
5.3089 3.4611 25.745 2.31
5.6723 7.2383 21.546 0
13.696 8.9294 18.123 0
0.5147 11.345 27.665 0.07
-0.52945 6.6272 28.691 0.08
8.5732 8.208 11.27 5.56
8.009 10.394 12.932 4.59
16.43 1.226 23.479 3.01
2.7898 -0.52842 15.218 64.56
3.986 6.5976 14.687 0
11.853 13.447 25.82 52.95
11.618 2.6958 14.209 0.04
-0.51447 5.2366 11.745 38.82
10.411 16.3 25.113 3.91
-0.3592 -2.2874 16.698 46.59
17.16 3.5596 24.75 4.96
11.634 8.7541 17.353 0
1.4683 16.903 11.318 11.69
2.0275 3.481 28.19 3.76
11.57 2.6104 13.29 0.05
14.913 13.179 10.768 6.57
14.889 9.0618 19.151 0.01
10.78 -1.9082 16.606 6.42
-0.93606 10.976 17.96 0.06
6.882 3.099 25.766 5.45
-1.7668 2.9255 21.812 5.87
13.106 9.335 24.61 1.47
-2.2265 2.4014 10.842 27.43
7.3032 17.086 10.271 2.05
6.1205 -2.6013 22.258 29.62
0.97014 11.558 13.193 26.58
13.874 1.4265 17.044 0.05
1.9145 13.457 19.805 0.37
14.78 -0.095313 19.979 0.22
12.835 16.927 23.468 65.17
0.96299 12.498 11.493 20.27
12.558 13.859 21.184 99.94
7.1574 16.034 10.002 4.98
-2.5057 2.342 20.114 8.02
8.1113 4.7288 15.854 0
1.3503 13.309 16.318 4.75
7.1523 13.529 22.247 0.91
5.4751 0.84105 17.953 4.45
7.0072 17.115 15.684 10.2
0.61576 1.7145 14.229 37.69
-1.1761 4.6011 15.695 5.14
15.055 12.908 12.181 27
14.313 -0.50506 24.404 18.15
8.7595 -0.96086 28.107 28.78
14.794 14.18 17.391 16.52
1.762 17.245 26.347 19.51
-1.8545 4.7685 26.244 0.08
7.8707 2.2456 25.858 17.26
2.538 -2.6891 14.626 3.6
17.17 10.427 14.413 17.84
11.026 11.042 22.815 0.28
-1.2861 2.1622 27.417 15.27
11.998 0.65929 15.972 0.05
8.5574 13.832 14.01 34.04
-0.66373 4.9403 28.247 0.11
2.5132 -0.53095 11.119 5.29
4.3364 -1.9445 21.661 42.15
10.754 6.5126 24.822 0.1
7.3235 11.35 14.613 2.05
12.195 7.3357 24.107 0.05
6.2369 7.4218 10.831 9.45
7.0892 0.14872 12.85 10.59
5.97 8.8273 16.861 0
0.5128 12.131 29.262 0.08
11.976 -1.1557 26.818 8.55
-1.3468 6.0292 28.577 0.09
2.5666 -0.13797 25.245 55.87
15.875 3.8183 14.649 0.04
0.95268 16.568 21.533 41.06
14.505 3.4699 11.129 0.84
6.3791 1.4452 20.38 1.84
8.0627 3.1887 16.149 0
-2.2136 5.711 16.474 2.25
9.6928 14.498 19.853 36.96
-1.0429 15.973 26.167 3.14
4.6133 3.9175 28.759 19.39
4.8009 10.019 29.707 1.01
-1.9622 3.5956 14.625 8.29
15.75 8.3257 11.074 69.25
12.408 10.985 23.243 1.16
16.418 14.795 25.065 8.58
1.7563 0.063267 14.418 13.8
1.4132 8.6623 23.261 0.01
7.8513 -1.57 17.263 17.96
16.658 11.213 17.395 6
10.735 2.6052 11.55 0.88
7.8643 3.0983 19.633 0
15.343 10.338 24.466 27.22
-0.6453 6.8961 18.087 0.02
10.24 3.0577 17.661 0
16.923 -0.40082 13.998 0.08
2.0839 11.236 24.274 0.03
12.998 4.9239 27.048 55.64
11.25 11.568 26.44 29.09
9.8815 5.7475 10.616 3.32
9.2121 8.5782 22.016 0
3.76 8.4006 13.433 1.12
10.3 -1.2636 27.502 18.23
1.6257 3.1799 27.695 4.16
14.975 14.028 16.539 23.82
15.35 12.739 23.162 6.19
15.299 12.966 18.495 40.35
3.7881 5.1805 11.228 8.73
4.5716 4.3638 27.312 1.81
15.077 16.564 16.564 31.53
11.169 9.9643 14.849 0.62
14.703 1.585 24.954 18.22
0.19625 -0.56064 24.406 14.05
7.8293 6.1613 25.564 0.05
4.4778 14.37 29.243 28.1
16.885 2.8555 18.3 0.04
11.803 15.2 24.226 57.83
12.466 14.971 17.339 13.55
8.1539 7.9984 22.952 0
15.207 9.3195 29.399 50.93
11.946 5.6088 21.623 0
15.749 9.673 24.199 6.64
10.529 4.0259 14.067 0.02
5.4592 0.31836 26.527 11.62
11.512 5.3241 13.428 0.02
14.819 10.084 29.932 22.88
-0.67507 2.1999 11.673 47.83
12.198 0.49447 27.633 17.06
7.1326 7.8264 10.85 10.08
9.584 1.8553 14.27 0.04
15.209 15.063 10.105 2.35
13.949 15.349 20.239 11.49
10.426 12.659 23.709 2.54
6.4853 8.772 21.481 0
14.146 2.1118 25.145 59.42
13.55 13.244 26.154 33.33
13.889 5.6533 22.358 0.02
12.408 12.698 29.172 10.05
16.804 8.5977 19.315 0.05
14.013 1.7022 25.328 5.12
1.1432 9.1355 22.137 0.01
6.1398 14.594 20.87 3
7.1576 5.6655 11.245 2.47
4.546 -0.84073 21.313 19.13
10.113 12.659 22.651 1.44
1.0442 12.308 20.977 0.02
-0.65363 -2.2005 15.975 56.19
11.103 15.959 29.33 76.9
12.594 3.168 22.441 0.02
1.9249 12.317 13.317 11.69
12.432 14.675 20.39 30.04
-1.3843 6.2808 26.757 0.06
0.89802 -1.9259 24.654 26.02
8.5638 -1.8558 29.698 1.1
8.6896 9.0061 25.798 0.08
15.356 -1.482 16.97 0.09
1.3048 6.606 11.829 18.49
-1.3353 3.3208 28.087 1.52
16.814 12.577 10.015 44.05
12.007 -2.2572 13.371 4.53
-2.4868 0.28551 23.75 4.56
11.343 4.7245 24.624 0.7
14.249 -0.089882 11.748 0.85
4.7414 5.3806 15.528 0
12.386 3.7387 26.003 28.39
15.529 7.5659 18.588 0
-0.86514 2.7765 27.733 3.59
2.2219 9.7268 19.9 0
-0.80958 15.29 11.355 7.77
10.917 16.743 24.187 10.39
3.8211 -1.2282 21.595 22.7
11.973 4.4799 23.075 0.02
8.6348 -2.0149 28.414 2.06
4.9031 4.891 26.927 0.9
6.9885 6.3243 22.797 0
1.5384 7.869 23.371 0
8.0785 11.478 21.971 0
14.131 14.886 11.957 13.29
2.4748 -1.6039 14.578 20.95
11.721 -1.1261 13.102 1.84
12.718 6.1895 15.802 0.01
10.183 15.042 10.752 21.23
11.165 10.674 27.36 20.37
1.2304 11.559 12.078 8.93
-1.5645 10.919 10.453 55.23
-1.8111 -1.958 19.308 8.07
12.46 17.147 14.532 12.38
13.151 13.208 27.445 2.76
3.5881 -0.038531 25.934 17.15
8.6522 5.596 11.173 1.96
-2.5659 3.6234 15.429 26.04
6.8174 15.775 18.334 24.07
3.0606 14.208 16.139 10.55
15.615 14.571 22.776 11.7
12.256 0.44942 22.057 3.28
3.8437 7.0765 14.508 0.05
15.342 5.5336 19.535 0.01
11.731 -0.2531 20.061 1.72
13.566 10.85 16.433 1.3
11.516 15.992 27.896 16.03
12.148 2.625 17.45 0.02
8.4713 4.9239 19.115 0
13.173 -0.61823 29.46 2.78
11.395 14.598 25.634 19.77
5.9466 16.153 15.062 18.89
-1.7721 -0.75947 14.015 17.22
8.0846 1.775 26.706 16
-2.5103 12.221 29.38 0.09
2.6466 9.7793 24.296 0.02
3.8421 5.9655 24.688 0
-0.074029 0.17669 17.508 28.44
1.8711 3.4427 13.001 20.53
-0.76431 15.623 16.918 15.76
8.6223 8.2469 19.007 0
12.259 3.9345 27.85 3.66
-1.3364 8.8008 16.781 0.22
4.581 3.4049 22.072 0.16
1.9911 3.1891 15.71 2.64
-2.5611 4.7353 10.978 14.21
14.79 11.739 21.906 6.08
12.181 15.325 23.882 24.94
9.1181 -0.21185 18.092 2.38
8.882 9.3599 29.216 35.45
1.413 10.566 15.129 1.2
5.6582 16.742 16.622 6.3
4.5434 6.0943 10.813 11.93
5.2744 9.6827 21.562 0
14.771 10.127 21.139 0.56
10.116 -1.7447 29.922 0.79
0.33708 5.6719 15.905 0.72
8.8473 8.4942 17.042 0
16.776 12.328 27.797 16.8
6.4112 9.2911 18.269 0
3.3881 7.8124 13.819 0.63
1.585 7.5187 10.277 23.81
6.2127 17.237 26.454 30.42
-1.0278 10.421 14.508 3.95
-0.33792 4.2765 23.543 0.18
8.3183 -1.8178 27.135 10.09
6.8549 14.438 13.753 17.9
-1.0224 7.6224 19.091 0
-2.4191 -1.9099 11.873 7.23
-1.8835 0.81775 21.511 28.1
6.838 16.898 11.415 7.2
14.651 8.8734 27.53 31.97
-1.5828 -0.71396 27.262 26.78
8.7106 8.4728 10.26 26.83
10.148 14.256 29.923 7.8
5.9621 3.5311 18.095 0
1.8635 1.8249 18.673 14.8
10.994 10.518 25.45 1.7
1.6393 11.877 25.905 0.05
8.5392 6.6164 13.164 0.05
-1.768 6.5796 23.086 0.03
1.5539 5.302 19.953 0
16.401 14.852 27.481 12.46
17.235 12.772 14.061 4.34
14.101 0.62793 27.782 5.62
4.0746 3.0619 22.124 0.57
-1.4848 15.445 17.621 32.04
13.103 11.514 24.083 5.61
7.9555 6.6365 22.908 0
11.135 2.0193 25.076 36.29
16.035 13.605 24.612 15.03
13.737 -2.5579 13.496 2.28
4.1426 11.973 29.567 1.27
11.961 6.8828 28.421 18.25
4.857 10.137 10.03 5.51
0.89016 3.1997 17.74 2.53
6.4994 13.237 15.597 9.81
-1.0438 7.7304 29.623 0.07
5.3181 2.4468 25.527 18.19
9.6146 -2.5461 29.724 0.32
7.0813 3.3834 23.302 0.36
3.0142 6.5738 23.036 0
-0.25939 6.6474 24.704 0.03
16.513 -2.2692 26.65 43.14
16.086 17.019 28.757 0.77
-0.112 15.023 13.057 37.53
4.5133 4.5262 15.596 0
4.3991 8.163 11.57 6.91
4.7604 8.9673 12.685 2.52
2.1627 3.5585 11.491 35.59
13.457 2.5709 18.212 0.03
5.4112 3.3977 12.555 1.96
15.174 10.931 15.338 5.34
-0.84841 -0.22713 15.529 33.18
-1.7162 0.2059 19.501 17.36
16.023 5.9843 24.183 1.2
8.7091 16.828 13.564 19.17
12.085 4.3111 29.824 25.13
4.3592 16.879 27.207 34.81
9.2577 -2.1481 13.711 14.86
-1.5668 13.152 11.479 16.25
13.032 -2.138 15.104 1.6
3.2546 8.5951 21.241 0
15.051 10.051 13.229 19.1
-2.1571 12.543 20.711 0.05
8.8756 5.5851 21.796 0
5.4156 6.2168 21.855 0
7.1499 -1.515 29.536 2.41
14.406 4.8847 20.93 0.01
15.96 5.2623 28.895 42.39
-2.0873 12.219 25.94 0.07
1.1797 0.5603 21.822 9.61
6.8968 9.0338 12.645 2.02
2.8577 -1.3036 12.16 23.95
11.631 -2.169 20.793 5.7
3.2762 14.673 20.901 1.67
17.254 8.5245 21.242 0.38
4.0051 2.3495 18.547 1.13
1.8465 -1.2795 18.501 12.42
-0.56869 11.765 15.968 2.03
7.1102 1.2146 23.617 42.86
13.919 1.7111 10.156 2.57
2.3211 9.8557 16.216 0.03
14.027 14.358 17.435 27.44
4.6097 -2.3658 20.994 30.14
0.38838 -0.44344 11.067 7.85
0.88864 0.42158 10.71 45.19
16.952 10.469 17.74 2.12
-1.4473 -1.7521 26.099 8.25
5.7586 -0.53183 13.341 22.53
10.907 5.8477 11.936 0.67
5.1432 -1.8019 15.421 48.41
7.3646 6.4526 25.373 0
0.50757 7.5039 12.831 5.3
1.0904 5.5009 12.917 5.22
8.5495 6.4076 28.842 47.35
10.703 -0.63419 22.142 42.08
5.7096 7.3156 23.116 0
1.0173 4.4937 19.608 0.12
9.5986 3.0141 20.055 0
2.8739 8.7508 16.846 0
14.086 11.021 26.323 25.41
0.38789 1.0068 20.852 8.79
-1.4691 8.0641 16.72 0.31
3.7921 1.9 10.094 42.64
11.044 12.359 16.766 3.08
6.699 13.251 22.949 0.48
-2.2375 2.9824 29.088 1.8
14.966 3.8073 28.213 8.91
6.8865 1.3443 15.429 1.09
2.1226 -1.5855 18.743 58.27
15.395 7.8181 20.909 0
1.843 -1.769 12.516 15.22
1.6055 14.771 29.767 4.13
-2.3417 6.1692 17.384 0.98
8.0322 9.6334 17.92 0
0.98025 9.0085 10.666 39.91
15.183 10.191 11.891 11.25
8.3305 -0.11755 12.376 6.91
2.6139 12.561 23.964 0.04
8.48 2.4075 20.357 0
15.898 1.0094 24.684 24.48
14.747 10.692 14.074 11.99
-0.11371 7.6036 12.606 11.01
13.817 7.7759 15.828 0.02
8.6655 2.5157 21.689 0.21
1.9454 1.684 20.37 30.03
14.011 10.198 11.884 48.74
-0.015666 5.109 16.391 1.03
15.127 15.129 10.596 3.3
1.5134 5.07 13.527 3.02
15.677 1.0949 24.68 12.4
16.441 6.8573 26.284 18.59
5.8674 13.572 25.234 1.09
16.495 4.035 25.332 22.46
15.735 13.518 26.287 100.01
16.269 3.1166 18.803 0.04
-0.57588 14.849 16.874 24.84
15.408 1.3801 16.992 0.06
11.113 15.757 23.759 15.42
4.1048 -1.8962 16.635 4.55
6.8262 11.911 27.873 1.88
-2.5709 -1.1623 15.636 8.87
8.0153 8.0187 18.505 0
14.976 11.85 12.719 54.88
2.0057 7.4091 17.25 0
13.475 5.6897 28.823 19.46
0.9521 6.9587 27.885 0.06
-1.3823 2.8876 14.055 46.28
16.999 6.672 27.763 49.41
14.381 -0.61766 16.999 0.07
7.2369 14.881 29.637 20.51
4.0419 12.942 27.174 0.44
2.928 1.2815 22.932 51.18
8.5858 0.39448 24.843 54.14
4.5048 9.3964 10.13 18.19
9.1133 11.971 16.913 0.92
12.49 5.8424 18.464 0
3.29 12.124 28.342 0.18
6.165 17.043 25.99 16.89
3.5277 1.9651 17.179 2.9
5.3964 7.2209 24.031 0
14.123 -1.5156 19.061 1.41
5.8541 5.7836 21.274 0
16.099 3.9094 28.979 41.33
2.2207 8.2711 24.268 0.01
14.915 12.937 29.315 15.13
8.3258 15.411 23.094 24.4
0.68317 -2.0838 25.216 68.97
10.855 3.0692 12.12 0.3
11.092 12.292 21.166 1.1
10.608 5.3842 27.322 26.8
7.951 15.2 24.794 26.27
7.761 11.696 27.735 2.94
1.1932 5.8991 27.187 0.07
-2.0871 -0.035389 18.107 7.76
-0.44985 11.826 29.496 0.09
7.0843 16.508 12.715 15.61
11.312 8.9601 25.835 1.39
8.057 16.901 18.793 22.91
16.308 15.669 18.477 9.97
5.5134 -2.2981 18.97 16.94
1.2912 4.0215 15.65 1.81
10.707 6.1064 22.005 0
14.173 13.958 21.711 56.03
6.1137 5.3112 11.423 2.59
6.6506 5.3638 14.031 0
13.357 11.266 29.508 23.11
5.0133 5.6415 20.395 0
4.3687 8.2079 27.795 0.02
11.913 1.4332 26.003 100.01
13.209 13.285 16.336 12.38
9.562 10.349 12.405 12.85
15.676 4.6657 23.768 0.69
15.87 10.8 28.77 20.57
11.285 0.72013 24.578 27.6
5.4174 3.6744 25.613 1.6
13.113 16.283 14.064 11.22
7.9563 12.745 20.327 0.35
1.8787 17.209 27.786 26.61
8.8458 8.0639 26.8 0.72
15.596 13.695 18.656 26.08
14.415 1.8151 20.81 0.03
3.606 -0.30434 12.91 24.61
16.035 1.2028 22.998 1.73
2.0854 7.8124 12.613 3.65
3.0938 5.3135 24.134 0.01
15.324 5.8745 24.276 1.1
0.084697 -0.68553 18.962 28.54
12.513 1.9353 26.183 13.22
2.3511 -1.021 20.26 9.99
-2.6775 11.465 24.781 0.06
16.769 10.566 19.884 2.12
-1.2246 7.9889 12.837 20.06
13.351 8.8259 14.258 0.51
11.444 3.9631 23.382 0.12
12.894 -0.96551 20.213 3.09
-0.62355 10.292 16.31 0.61
10.173 -1.726 27.34 10.08
6.8662 13.174 14.533 24.86
4.0024 12.578 27.068 0.17
6.0454 15.91 21.592 33.91
-1.7151 6.3602 13.208 14.3
11.959 4.25 14.024 0.03
14.159 13.659 16.873 62
5.3754 -1.485 13.578 14.11
12.021 8.6256 26.465 4.14
7.326 12.66 20.198 0.19
8.6643 0.99533 20.888 1.88
1.3236 8.4274 12.829 4.46
1.0232 12.599 11.418 10.76
4.6892 14.861 12.087 6.54
4.486 -0.41783 27.531 13.27
-0.17229 2.3941 18.438 14.72
10.608 4.1971 14.27 0.02
4.7707 8.7235 29.815 1.08
3.8463 4.547 24.125 0.01
3.2817 4.297 29.894 7.63
9.3883 13.879 10.633 13.97
0.21277 11.858 20.795 0.02
17.208 7.2156 17.682 0.02
1.1904 9.1063 25.333 0.03
15.792 0.055484 10.162 2.89
6.8622 0.96192 22.207 32.75
9.7084 5.4956 23.544 0
1.2964 13.475 11.007 42.21
0.7402 16.915 28.008 99.95
16.098 15.472 18.828 3.69
16.079 2.0512 10.99 0.87
8.4482 3.5694 20.642 0
6.7351 6.9656 21.402 0
15.772 2.0268 27.522 43.12
11.98 -1.1128 26.708 15.31
5.2558 4.0177 10.008 43.92
2.2191 11.062 27.023 0.05
2.124 4.7218 13.008 3.89
13.373 11.643 24.01 8.1
10.88 15.144 27.661 22.41
9.8103 3.0785 18.062 0
-2.1179 15.633 23.749 2.24
15.466 3.3447 28.897 40.11
14.584 15.023 10.003 2.72
4.8478 -0.25053 28.656 8.27
7.5771 7.0897 19.738 0
8.7088 8.1931 28.342 3.97
14.991 12.977 16.455 53.41
12.992 0.20668 27.205 15.94
12.763 12.822 20.574 5.19
6.3067 1.8356 26.174 11.53
16.622 8.1736 28.044 4.86
2.95 7.6581 16.563 0
17.139 2.3093 23.575 1.54
12.587 -2.0525 29.645 0.58
-0.87058 9.5845 12.987 11.64
7.7189 -0.83013 25.624 5.14
12.762 9.2659 10.291 15.37
-1.8565 0.92238 29.441 8.84
2.395 12.323 15.625 2.6
2.4133 2.4602 15.941 4.32
-2.5181 17.046 21.329 42.03
9.3398 8.0682 10.877 9.51
6.7334 8.0965 23.459 0
7.9863 -1.5956 22.402 3.07
8.9265 8.2149 26.866 0.82
6.2507 9.3743 12.472 3.38
2.3506 14.31 10.324 31.77
0.42799 13.771 14.587 30.9
2.4869 11.319 29.331 0.09
1.2686 12.253 12.81 10.42
4.9529 3.7688 27.676 6.47
10.411 3.9745 10.432 2.83
4.6831 16.747 20.582 6.67
12.146 4.2107 19.212 0
1.5357 14.042 17.196 5.62
-1.9553 11.083 13.116 10.97
13.278 -2.3918 21.712 63.17
7.2133 17.252 12.687 100.01
10.754 -0.79812 13.235 2.06
17.07 13.436 14.893 10.16
14.229 -1.985 20.712 25.77
-0.86754 16.721 21.662 20.76
8.4178 3.6624 26.998 31.94
7.9061 -2.3551 13.698 30.51
5.9723 -1.0975 15.613 16.76
2.3109 -2.6849 23.858 6.32
12.781 13.71 27.033 17.87
0.33347 15.104 23.164 1.33
11.226 8.5844 28.794 13.83
2.3399 13.041 19.905 0.07
15.121 2.8269 10.305 1.98
-1.3992 15.296 22.823 1.72
11.908 7.3902 21.151 0
4.5809 12.956 25.137 0.11
11.303 16.541 25.377 19.26
16.861 9.1085 22.385 1.47
10.084 3.8304 10.661 2.29
13.066 11.507 11.581 32.68
0.2746 11.03 20.701 0.01
1.1273 -1.578 22.228 14.78
-1.6248 1.5745 20.053 11.53
-0.81641 5.4811 10.402 15.42
-0.30776 16.104 21.177 24.86
11.032 4.8584 25.262 1.31
15.231 15.507 19.93 31.18
12.555 11.482 29.026 13.19
2.1341 8.5298 10.875 8.62
15.767 16.208 20.018 35.53
9.0253 12.742 14.987 30.29
4.8828 3.0751 20.776 0.17
16.282 5.011 10.9 2
10.953 7.2036 15.93 0
5.6207 14.553 26.42 5.05
0.71989 11.006 29.953 0.08
12.99 11.804 16.2 4.09
0.49238 14.589 22.207 0.82
5.1048 12.415 24.373 0.02
10.25 1.4482 27.711 24.59
11.683 3.3556 11.272 0.93
15.559 13.18 19.972 13.77
5.5815 9.6142 17.97 0
-1.9187 3.3423 14.926 12.58
16.749 12.653 18.074 68.07
12.036 3.3561 20.546 0
1.4458 2.3882 18.68 4.77
-1.0485 14.369 28.327 0.52
1.5651 6.7774 26.829 0.05
3.0685 9.5171 18.841 0
5.2528 13.09 19.29 0.44
6.599 17.144 29.245 16.51
2.0046 1.842 23.255 14.78
5.5419 11.678 24.669 0.01
12.969 2.5693 29.967 42.57
7.177 -1.0185 12.24 31.89
8.533 7.5051 28.697 6.49
15.319 6.611 14.13 0.06
8.5913 3.4776 23.012 0.11
7.605 14.167 12.635 5.8
2.3231 9.2536 22.504 0
5.5548 15.315 26.206 20.21
8.12 5.4036 17.944 0
-0.41726 16.048 14.691 46.26
0.3593 7.5033 19.101 0
-1.2165 8.8144 23.971 0.03
7.1139 -1.2392 13.593 6.65
-0.37832 8.9722 11.702 18.66
4.9841 0.2461 18.23 13.19
9.8085 4.4938 27.92 32.1
5.6526 15.976 26.409 100.01
-0.36418 -0.61772 12.656 39.64
10.072 10.995 25.8 1.67
8.1495 10.81 23.735 0
4.0676 10.313 18.082 0
10.106 15.995 18.599 21.99
7.4263 3.9443 21.574 0
14.571 2.976 26.688 22.94
7.6925 1.8245 18.389 0.16
0.64286 15.551 11.159 9.44
9.383 -0.618 16.27 2.41
0.1618 7.2932 22.722 0
13.888 6.3032 25.389 2.49
9.2097 16.748 12.394 32.82
13.629 14.006 25.831 8.97
6.3995 7.8472 29.708 3.57
16.196 12.563 19.205 7.65
8.1077 13.394 15.537 11.98
2.4336 1.5802 21.024 42.95
16.331 2.0577 26.032 19.49
-2.0888 7.4274 15.681 1.56
2.9574 5.1424 20.709 0
12.761 16.536 13.008 10.9
5.1988 0.55777 26.733 13.83
-1.001 14.429 24.817 0.29
14.47 15.101 13.016 30.24
8.4367 3.3533 15.424 0
-2.3683 7.6066 10.381 24.33
15.268 2.6426 19.867 0.03
10.031 -2.667 12.265 10.65
6.6338 9.7685 26.393 0
5.5991 15.84 21.948 27.09
-2.6604 10.904 14.255 48.16
-2.3919 12.018 21.038 0.05
12.975 -0.93365 17.114 0.43
3.297 8.683 20.203 0
12.945 1.0441 21.53 0.72
10.191 6.5003 21.16 0
16.789 12.336 17.62 26.25
5.9833 11.56 11.874 15.43
10.059 -0.40986 12.037 4.01
10.636 0.64496 25.294 8.84
12.315 3.5434 21.417 0.01
10.206 13.532 14.029 52.85
10.828 13.761 18.288 23.16
7.1769 7.588 28.787 2.49
-1.664 8.734 19.795 0.02
4.1795 10.701 25.389 0.02
8.1042 -1.8643 14.702 10.27
-2.2882 3.8585 19.361 4.02
12.994 7.9484 19.549 0
11.262 -2.3487 23.9 44.22
3.5422 8.4988 22.136 0
0.94582 2.3084 21.576 5.78
2.5554 2.0913 17.181 4.7
15.391 14.687 20.281 31.79
-1.6621 13.31 13.624 22.22
10.678 14.01 29.296 100.01
-0.16011 7.7692 27.012 0.04
8.0552 11.904 25.709 0.88
14.035 10.634 27.955 26.28
10.259 16.196 22.586 30.97
14.752 9.2161 16.887 0.03
13.572 5.9506 12.531 0.22
16.674 14.354 21.225 44.09
10.715 17.257 13.226 8.47
7.9938 5.1225 20.823 0
-0.62948 6.1178 19.229 0
9.2208 10.55 21.803 0
11.891 8.921 18.862 0
7.2387 5.9047 14.201 0
1.839 6.4507 18.671 0
12.889 5.7201 23.467 0.03
0.62374 13.784 23.708 0.06
13.084 4.4927 23.251 0.03
1.6448 1.7231 14.849 31.01
2.5947 5.4712 26.574 0.07
16.251 9.9521 12.695 20.04
5.7028 16.027 16.411 17.77
9.6886 16.006 19.214 14.22
7.3109 15.677 28.596 11.58
15.393 7.5757 22.796 0.17
9.0831 0.47286 22.469 28.62
3.6859 -0.082323 14.3 25.88
3.5762 16.332 29.815 14.44
14.641 6.5402 19.312 0
12.598 -0.72887 29.881 1.62
11.147 3.2887 28.177 8.82
8.3545 -0.99323 12.165 13.45
-2.0637 1.6269 11.028 8.25
7.5084 -1.0382 18.862 36.91
2.027 8.4974 18.779 0
14.054 4.0339 14.605 0.04
16.105 6.6302 10.563 13.07
-1.1083 8.4144 14.215 2.99
0.26768 1.2136 24.895 33.48
16.283 -0.10947 27.596 29.18
11.541 8.4398 11.34 7
13.058 13.549 25.092 51.1
8.3128 9.9351 18.733 0
3.4599 1.4572 25.415 8.79
15.998 9.7333 20.685 0.63
14.968 -1.801 16.054 0.23
4.9524 -2.075 20.399 25.23
16.114 13.248 20.702 23.54
10.834 13.008 15.222 25.92
2.8162 9.4074 23.484 0.01
-2.6248 14.417 12.898 34.68
7.55 8.5466 10.144 20.18
5.88 7.9778 23.814 0
15.366 -1.3258 15.662 0.09
7.8616 3.1077 18.403 0
16.944 -1.5584 28.578 5.88
10.663 7.2746 19.294 0
8.4817 3.1347 13.436 0.09
9.6978 17.073 20.324 23.5
10.723 7.6936 14.001 0
8.8769 16.461 23.848 14.38
-2.1503 4.5653 22.678 0.35
8.6444 -0.27036 28.729 40.16
5.1798 11.888 25.714 0.03
1.5628 10.555 20.467 0
0.86891 11.672 20.812 0.02
1.5848 5.6642 23.615 0.02
17.178 8.2717 25.878 7.42
3.9145 7.5342 26.701 0.01
16.712 0.87241 27.026 55.86
17.071 6.3122 16.159 0.03
15.552 1.7001 29.765 28.52
5.3338 -0.85236 12.735 33.73
6.8444 -1.4781 15.038 66.07
13.203 13.01 26.216 30.16
-1.7718 12.632 26.137 0.07
-2.376 5.1295 27.312 0.09
16.472 15.695 20.94 42.68
3.5014 9.0883 21.92 0
10.594 9.1193 27.361 5.22
4.7825 2.1833 10.41 27.26
1.9567 0.535 14.763 27.81
14.922 11.935 14.868 39.02
13.164 8.1854 18.13 0
1.419 3.5176 11.585 12.38
1.9754 10.618 17.02 0.03
13.697 10.526 22.487 1.03
5.7085 10.203 27.497 0.1
3.5284 4.158 26.974 1.39
7.9008 15.777 13.751 58.93
1.6004 14.552 11.99 7.33
6.7362 14.091 23.875 1.91
6.5478 0.60694 21.016 26.79
17.063 13.406 11.099 8.79
11.522 16.835 13.867 11.43
16.431 1.9699 26.388 54.16
0.29134 7.5851 17.28 0.01
10.717 0.88531 21.595 1.81
-2.6486 5.8161 20.316 0.15
14.059 12.456 11.838 10.97
9.8036 10.503 24.681 0.28
8.4002 -0.54992 22.807 18.58
10.714 2.3051 28.966 69.35
6.3559 14.637 23.062 3.09
9.6337 8.291 22.951 0
14.19 12.841 23.453 5.51
-2.0601 -2.5231 17.171 3.47
-2.0844 7.6599 10.071 33.23
6.9176 4.8551 29.149 43.42
-1.58 -1.3932 26.985 44.82
13.208 16.02 11.565 4.72
9.705 7.5911 16.431 0
9.5192 15.665 11.251 58.64
10.497 3.0064 18.109 0
14.297 -0.26244 26.859 7.59
5.3878 16.981 28.36 5.16
5.4565 3.2614 14.419 0.54
1.6577 12.678 25.109 0.05
16.868 -1.0308 14.404 0.08
16.977 8.2305 21.073 0.15
4.2784 11.379 19.995 0
6.6928 8.2984 10.504 35.91
7.9282 -0.037741 19.179 5.92
-1.0516 15.082 17.569 8.19
5.9101 12.144 13.115 29.98
8.8034 7.5239 17.366 0
10.97 13.193 19.354 3.61
9.85 15.554 19.139 13.91
0.0033664 8.1676 18.601 0
12.669 13.256 13.437 13.97
6.0617 2.6394 29.094 78.45
16.04 5.9899 18.62 0.01
12.233 9.2225 15.181 0.11
6.9664 15.105 23.631 12.23
8.5655 14.838 15.526 10.76
17.24 1.2998 26.796 40.52
12.15 14.584 21.698 18.62
1.9506 6.9734 27.248 0.05
13.259 0.77318 29.844 7.14
-2.0888 5.1559 25.088 0.06
16.778 0.1455 28.481 15.9
1.6834 8.3557 18.656 0
13.464 0.074359 13.817 0.07
8.6532 1.502 27.6 44.86
8.87 15.538 25.287 16.87
6.8018 11.151 11.196 64.79
9.9281 16.984 12.388 7.8
6.3343 -2.3264 23.763 39.28
-2.3086 6.4084 14.383 7.99
13.447 10.216 23.325 1.15
8.3008 2.3119 26.314 9.04
14.905 6.0693 21.727 0.02
9.789 11.855 21.818 0.21
13.435 13.785 21.131 14.08
14.962 1.3617 18.272 0.05
9.9052 -0.64558 24.373 59.14
6.8966 4.8828 19.037 0
4.6547 2.0937 28.317 64.98
13.29 3.9818 13.381 0.04
-0.36451 13.21 24.041 0.06
-1.1924 -0.36515 28.276 22.74
14.698 3.142 12.04 0.09
13.481 -2.1736 22.727 60.07
0.50471 11.135 13.36 68.86
4.2839 -0.25529 15.742 42.36
-0.11509 6.5707 22.988 0.01
5.1932 16.362 25.097 12.12
8.1905 8.5734 16.412 0
7.5534 12.459 10.036 35.53
6.9148 15.386 26.99 17.38
1.7229 12.028 21.697 0.02
7.8137 10.532 22.641 0
-1.2687 5.6398 13.986 9.2
11.315 2.7692 18.728 0
13.735 12.964 27.083 7.2
6.884 15.833 10.631 24.7
16.069 4.2755 26.256 23.52
16.269 15.139 23.96 35.49
10.707 16.775 19.302 8.94
-0.61669 -2.2141 27.626 29.48
-2.1732 16.32 21.398 49.73
