 384.70147259
 368.94261717
 353.64335564
 339.76380942
 326.19932270
 313.41448892
 301.31588809
 289.67480672
 278.52849929
 267.48555729
 257.26206335
 247.27685962
 238.02438477
 229.90816067
 222.79111231
 217.46390315
 213.20368660
 210.53731271
 208.42904017
 207.38049068
 206.18785065
 205.86775210
 205.71332077
 205.61687852
 205.31444703
 204.91507466
 204.33701590
 203.68766184
 203.14417655
 202.39370415
 201.82459145
 201.32812410
 200.75026491
 200.19379029
 199.64576660
 199.07360334
 198.53755425
 197.95931843
 197.28664694
 196.72038553
 196.00808386
 195.48744696
 194.88681387
 194.21491197
 193.53115162
 192.93712971
 192.26800522
 191.64341632
 191.07838950
 190.48444133
 189.84693541
 189.31093908
 188.74769779
 188.19063260
 187.68621084
 187.19076257
 186.72172000
 186.24841767
 185.79497510
 185.33525853
 184.92104099
 184.46359435
 183.98531332
 183.51304194
 183.08376174
 182.58947982
 182.17267011
 181.69647943
 181.24078113
 180.78895234
 180.29148174
 179.93488141
 179.50708788
 179.10935519
 178.51560305
 178.06926705
 177.62262333
 177.21939339
 176.81344848
 176.29874950
 175.90025847
 175.46256537
 175.02146929
 174.52731276
 174.06929011
 173.63324325
 173.04551535
 172.54534085
 172.06410259
 171.44483962
 170.87467237
 170.37433399
 169.91865050
 169.39544169
 169.11536823
 168.56592424
 168.17569670
 167.81369084
 167.41988172
 167.04203965
 166.74759003
 166.37030697
 166.11088861
 165.71178427
 165.41231536
 165.02366090
 164.73258154
 164.41251945
 164.14930123
 163.75893991
 163.40748875
 163.02625672
 162.81037082
 162.59608184
 162.28085064
 162.12036599
 161.81374976
 161.78954568
 161.47198894
 161.28283865
 161.18682023
 160.87551689
 160.71374160
 160.62764422
 160.42003346
 160.27938277
 160.09298924
 159.99232085
 159.84847502
 159.74864949
 159.66154149
 159.54496146
 159.53109843
 159.27828019
 159.12113746
 158.98199252
 158.83994512
 158.82980026
 158.44689320
 158.38916975
 158.26954884
 158.00690056
 157.96164716
 158.20976687
 158.24753413
 157.90336174
 157.70585278
 157.74194202
 157.50662675
 157.41009746
 157.46145980
 157.35543471
 157.25281586
 157.18217809
 157.07691279
 157.04431885
 156.94903523
 156.84180582
 156.75929068
 156.67588687
 156.65120802
 156.73614838
 156.60549901
 156.61935512
 156.45882157
 156.36316377
 156.33338280
 156.23795853
 156.16268203
 156.05831038
 156.06337531
 156.08451288
 156.00540982
 155.85591483
 155.85542827
 155.77745037
 155.75203017
 155.79983329
 155.82247378
 155.63819983
 155.57224854
 155.60519982
 155.67563884
 155.34721256
 155.31712858
 155.23265224
 155.33880061
 155.10970224
 155.33013192
 155.24110731
 155.08365449
 154.94259420
 154.91624913
 155.14567391
 155.13520028
 154.84559279
 154.81544517
 154.86503491
 154.71542031
 154.59837633
 154.66898416
 154.70740966
 154.50096450
 154.43343018
 154.47082213
 154.37390688
 154.53623564
 154.41780256
 154.36135891
 154.34917463
 154.15242306
 154.09129459
 153.99868215
 153.96703060
 153.89322699
 153.86605541
 153.97257251
 153.72425656
 153.76642909
 153.68518486
 153.59417214
 153.78465787
 153.45297315
 153.37193736
 153.55911307
 153.27558944
 153.12256930
 153.26879244
 153.33409991
 153.08004971
 153.18480448
 153.13654792
 152.90166775
 152.73170374
 152.82342969
 152.79428661
 152.70263581
 152.57599290
 152.56027055
 152.38388349
 152.37304005
 152.44682845
 152.36516732
 152.46271953
 152.20155173
 152.17706753
 152.02297924
 152.03179615
 151.93248558
 151.95043608
 151.74202681
 151.68139199
 151.62884235
 151.54186524
 151.52390294
 151.33439662
 151.32059824
 151.20958646
 151.14159415
 151.13261801
 151.13346470
 150.98901646
 151.02375941
 150.76763484
 150.62409935
 150.58584211
 150.66243223
 150.62350951
 150.40309275
 150.24209432
 150.11786288
 149.99801090
 149.91801091
 149.77122743
 149.76266582
 149.62187787
 149.51536274
 149.38918991
 149.31057021
 149.38006128
 149.10517601
 149.04344377
 149.08312680
 149.03623485
 148.88052783
 148.69081171
 148.77457222
 148.80216454
 148.59827333
 148.54362444
 148.45113482
 148.21130553
 148.23256452
 148.21184875
 148.11128460
 147.99387300
 147.77373147
 147.73752050
 147.70182041
 147.55135014
 147.55539139
 147.61088003
 147.41594537
 147.12135349
 147.22023281
 147.25256607
 147.01308128
 146.84752634
 147.19986497
 146.92731944
 146.43967070
 146.98431607
 146.81410409
 146.34866656
 146.27642271
 146.37237585
 146.51182881
 146.15158827
 146.05454817
 146.38748457
 145.88763098
 145.78376172
 145.81938030
 145.41344456
 145.47083725
 145.57495782
 145.32010776
 145.28175335
 145.09628595
 144.95874730
 144.84494363
 144.80156260
 144.66915053
 144.61119825
 144.59603612
 144.40891351
 144.24843584
 144.14186608
 144.03365499
 143.97834122
 143.80088792
 143.87008916
 143.74978467
 143.61279381
 143.40374349
 143.34638977
 143.25201430
 143.07946519
 142.99015977
 142.91793608
 142.80961135
 142.94287821
 142.62455682
 142.69549972
 142.58955229
 142.29445860
 142.08125841
 142.11298942
 141.89120872
 141.95056431
 141.73457541
 141.60880829
 141.51361855
 141.31198085
 141.29921592
 141.14799950
 141.18005610
 140.99766736
 141.05132552
 140.72212266
 140.65704703
 140.56466524
 140.33006330
 140.23482177
 140.32970687
 140.02498198
 140.06172052
 140.28348980
 139.61046856
 139.96279740
 139.91109617
 139.31280466
 139.43829926
 139.52370016
 138.94018813
 139.04354102
 139.03764041
 138.71974294
 138.61511588
 138.31799039
 138.13890076
 138.11079829
 137.77556177
 138.09937879
 137.60505778
 137.62423311
 137.67784828
 137.31459251
 137.19929359
 137.11339189
 137.04611218
 136.79754592
 137.26184460
 136.73881969
 136.75036918
 136.60100286
 136.34891806
 136.25282364
 136.13470488
 136.11672059
 135.86269956
 136.02200080
 136.00480438
 135.67001861
 135.56194315
 135.34636478
 135.35643244
 135.05039270
 135.22218335
 135.26650551
 134.78928679
 135.08462323
 134.73704092
 134.60756404
 134.45733233
 134.26296716
 134.37630621
 134.13350891
 133.95776427
 133.89901178
 133.96466191
 133.69172732
 133.90041869
 133.95391883
 133.43822501
 133.43708943
 133.42582661
 133.12080861
 132.88776801
 133.30862819
 132.85212420
 132.71164333
 132.52021115
 132.71108519
 132.40810256
 132.15944528
 132.05060303
 132.10392657
 131.99621655
 131.92721165
 131.80348632
 131.63347961
 131.49492891
 131.56566217
 131.47950986
 131.16610540
 131.26220940
 130.94829237
 130.94314456
 130.77138651
 130.77123080
 130.82912667
 130.55597610
 130.40847084
 130.21034575
 130.23938599
 130.24219986
 130.10686391
 129.96361542
 129.86478200
 129.90441409
 129.79403869
 129.73874073
 129.40360029
 129.25902012
 129.80813748
 129.40225285
 129.31985550
 129.49086610
 128.90827175
 129.24153145
 128.82383394
 129.21271262
 128.91652235
 128.60065692
 128.46717878
 128.38943912
 128.40965959
 128.39222572
 128.33088487
 128.33249344
 128.50515121
 127.85995256
 128.80761246
 127.59389161
 128.52591725
 128.57561025
 127.80735921
 127.47840169
 127.50577798
 127.26342636
 127.22672980
 127.17857048
 127.10577091
 126.79128317
 126.78851368
 126.95713933
 126.68124554
 126.50675642
 126.71245963
 126.58194093
 126.48455701
 126.14759607
 126.27096682
 126.23287859
 126.25031266
 126.53811465
 126.39890177
 125.43823341
 126.09390008
 126.20392586
 125.96318236
 125.63100317
 125.26012216
 125.54442251
 125.30278175
 125.38004559
 125.21606202
 125.00417696
 124.94666367
 124.89166845
 124.69571982
 124.83010981
 124.74369162
 124.58703717
 124.52987796
 124.25521170
 124.45932067
 124.35207464
 124.09027112
 123.93956241
 123.98615568
 123.93403185
 123.88575090
 123.94842151
 123.75395901
 123.84592490
 123.40579466
 124.53016224
 123.67569889
 123.79516013
 123.56465372
 123.32180371
 123.63229239
 123.70105483
 123.82153466
 123.24392320
 122.99276843
 122.84916945
 122.69689482
 122.75020909
 122.62399207
 122.65689153
 122.53824196
 122.40451194
 122.36081881
 123.00910477
 122.12958760
 122.16954922
 122.41015188
 122.11236074
 122.13719761
 122.04754417
 121.74942295
 122.22822267
 121.81386484
 121.92140253
 121.93389564
 121.75227842
 121.51830747
 121.52559205
 122.06213702
 121.70532966
 121.53668689
 121.17081844
 122.11207199
 121.49212755
 121.92084584
 120.90018403
 121.69791128
 121.69526554
 121.48298014
 121.38277017
 120.47297564
 121.86438052
 120.58977242
 120.89523897
 121.19936181
 120.54940632
 120.65659004
 120.23278094
 120.28627547
 120.50076143
 119.97890169
 120.50659001
 120.36349508
 120.48950517
 119.95217365
 119.96649655
 119.81553111
 119.83590793
 119.96856469
 119.74141761
 119.74583660
 119.61589766
 119.66738909
 119.83141425
 119.76196941
 119.36818010
 119.20973115
 119.24442268
 119.09891589
 119.49910223
 119.07800219
 119.03876382
 119.02876850
 118.91723607
 118.81935580
 118.98431545
 118.65792386
 118.74684152
 118.73117805
 119.23073668
 119.17445384
 118.86888554
 118.49913104
 118.50691932
 118.58555004
 118.34928855
 118.17961525
 118.20287259
 118.04642741
 117.82101483
 117.98209226
 117.91832702
 117.93533964
 117.67403381
 117.93907302
 118.16247484
 117.97247974
 118.33452419
 117.27988983
 118.00921355
 118.30481821
 117.51581782
 117.38744924
 117.25542955
 117.27806506
 117.20639861
 117.17409916
 117.20340059
 117.11981366
 116.92839385
 116.98403070
 116.94828851
 117.16835206
 116.79989412
 116.87350078
 117.08964641
 116.86888717
 116.47410716
 116.62402787
 116.69046555
 116.61935563
 116.86030057
 116.50595052
 116.32588590
 116.59488711
 116.68110540
 116.24818783
 116.34784870
 116.18273005
 116.21529132
 115.94089216
 116.03600672
 116.17300437
 116.15929118
 115.96728759
 115.65117490
 115.94984292
 116.11729285
 115.95990313
 115.78635148
 115.83121910
 115.43865479
 116.15339433
 115.56595750
 115.74789311
 115.70394353
 115.85656568
 115.70670375
 115.30272912
 115.23057256
 115.54742801
 115.30833512
 115.01358975
 115.34404835
 115.64824379
 115.19063295
 115.16655696
 114.98704799
 115.25137816
 114.87359765
 115.38448221
 115.01398844
 115.40972264
 114.78861325
 115.00823049
 114.71946823
 114.81248823
 114.50971857
 114.64328896
 114.24334174
 114.52861875
 114.67337754
 114.11151782
 114.70398857
 114.10924620
 114.68377258
 114.37422329
 114.14946875
 114.31876928
 114.03853938
 114.96024317
 114.05609495
 114.70979360
 114.66880103
 114.22678498
 113.66308273
 113.71819667
 113.57591929
 113.67926393
 113.58759596
 113.77329794
 113.58745254
 113.74706396
 113.64138151
 113.67475898
 113.41690514
 113.45467825
 113.19338940
 113.28099445
 113.17050253
 113.33107113
 113.14808278
 113.96404693
 113.29697065
 113.21192729
 113.17159053
 113.18562449
 113.24136540
 113.15898299
 112.72942987
 112.88025593
 113.05370618
 112.87475077
 112.67172800
 112.56662971
 112.73651190
 112.70145652
 112.38669859
 112.73446385
 112.65250540
 112.65798307
 112.58375942
 112.63722764
 112.41075350
 112.43662923
 112.79022085
 112.17787235
 112.19757298
 112.35132972
 112.15587683
 112.07043565
 112.36126738
 112.56368064
 112.16467080
 112.09331019
 112.09419002
 112.37699720
 111.89840529
 112.02243751
 112.08869932
 111.87871546
 112.03038542
 112.42589752
 112.26782096
 112.30923827
 112.14509331
 111.85634281
 112.02647705
 111.57770896
 112.06881364
 111.55869195
 111.99077855
 111.57855695
 111.86569873
 111.94849043
 112.09102492
 112.47357961
 111.80765017
 112.58117856
 111.03473497
 111.76953102
 111.45321185
 111.31276012
 111.13949208
 111.02055919
 111.09674603
 111.34845605
 111.01035939
 110.86209781
 110.94645584
 111.04648397
 110.81995356
 110.88265411
 110.75423791
 110.91437341
 110.70442310
 110.77073133
 110.81978402
 110.77316469
 110.88253697
 110.52353216
 110.60292363
 110.58564572
 110.51345456
 110.72890607
 110.51279929
 110.66714148
 110.44001465
 110.42305376
 110.27620465
 110.44370496
 110.59187984
 110.26474230
 110.19662334
 110.21569966
 109.96388843
 110.06789274
 110.00053763
 109.99655571
 110.41195477
 110.23860683
 110.37960346
 109.98264881
 109.77729667
 109.91498621
 109.82179400
 109.92905857
 109.80249036
 109.78121348
 109.52254282
 110.19501555
 109.82194415
 109.58216475
 109.96532001
 109.84910289
 110.13370057
 109.63621393
 109.37099973
 109.84140009
 109.38531192
 109.61485100
 109.64782452
 109.51782429
 109.96559418
 109.59535670
 109.09315348
 109.40125854
 109.61067907
 108.96564478
 109.35221382
 109.56972013
 109.40876925
 109.16367108
 109.53953485
 109.51158634
 108.93210519
 109.17280638
 109.35842073
 109.45213010
 109.03327468
 109.46058308
 109.21288661
 108.95139625
 108.90552249
 109.07802437
 109.36189919
 109.13244202
 108.98477092
 109.29799970
 109.39548510
 108.73032686
 108.81766561
 108.83708713
 108.68288577
 108.50155761
 108.52968927
 108.32318370
 108.48333254
 108.53954184
 108.29979856
 108.53095576
 108.74577507
 108.58222701
 108.35761648
 108.66153422
 108.33797538
 108.41369680
 108.09294944
 108.01202435
 107.98701306
 108.10912444
 108.20567519
 108.29979186
 107.86178306
 108.08066266
 108.03755757
 108.20391402
 108.62156631
 107.92253307
 108.17370659
 108.09728803
 107.47164740
 108.97448562
 108.09935677
 108.21686236
 107.55985101
 107.71524327
 107.86476294
 107.51398071
 107.73359186
 108.06452821
 107.79802943
 107.80266910
 108.13230383
 107.49191732
 107.42934844
 107.83104052
 107.90203600
 107.42417954
 107.71317119
 107.72168156
 107.20949654
 107.82442736
 107.05638826
 108.04195997
 107.58667156
 108.16216130
 107.26879309
 107.22295229
 107.82107879
 107.00491442
 107.62362813
 107.38343453
 107.19002232
 106.82576079
 106.91871839
 106.58296819
 106.88868813
 107.06898313
 107.13341155
 106.94919200
 106.78888359
 106.62585416
 106.79616796
 106.67646152
 106.62624877
 106.57103756
 106.48384426
 106.77247029
 106.99036210
 106.72802162
 106.44373162
 106.46419094
 106.41474543
 106.32509630
 106.39280833
 106.56726556
 106.41296167
 106.47587016
 106.23309153
 106.83785152
 106.32544232
 106.42733865
 106.25136429
 106.12515886
 106.35233945
 106.15611855
 106.15862612
 106.28711970
 106.14074404
 106.50227891
 106.19648801
 106.07209484
 106.09062946
 105.86881716
 106.53218205
 106.46400364
 106.14627219
 105.73951252
 106.30639969
 105.52383900
 106.21135605
 106.17491365
 105.77059287
 105.69833146
 105.86663829
 105.92600614
 105.89302198
 105.57094752
 105.51626858
 105.44238412
 105.53063658
 105.55906595
 105.57386497
 105.64058842
 105.42006634
 105.46600573
 105.37695116
 105.27154539
 105.42137285
 105.53582653
 105.62337629
 105.28846094
 105.03841383
 105.66967469
 105.17204212
 105.36468770
 105.09556406
 104.99499949
 104.98729239
 104.97520351
 104.82635238
 104.91719729
 105.19288122
 104.80270250
 104.78122267
 104.87819405
 104.82131633
 104.99466500
 104.81694097
 105.04378474
 104.85963761
 105.28054861
 104.86492031
 104.75329325
 104.59633334
 104.90164820
 104.65817180
 104.59123025
 104.41339344
 104.62700764
 104.46393809
 104.36083701
 104.21116133
 104.45988699
 104.88681043
 104.10371449
 104.76855662
 104.47287822
 104.42898103
 104.81960740
 104.43831020
 104.38619116
 104.50200589
 104.38494794
 104.52592300
 104.14238945
 104.32929563
 104.02893356
 103.98171451
 103.83842105
 103.85203656
 103.65097657
 103.85387255
 103.98717570
 103.88602284
 103.71744155
 103.68769175
 103.50373872
 103.83898068
 103.48281565
 103.68689756
 103.32515687
 103.76192291
 103.70132613
 103.58271817
 103.66497267
 103.42899015
 103.22652433
 103.44645573
 103.25075018
 103.24178910
 103.79629681
 104.13614442
 103.81089125
 103.49016187
 103.41143426
 103.07757932
 103.48455416
 102.92412382
 103.06268113
 102.79431566
 103.20496207
 103.00429748
 103.79142107
 103.10294193
 103.30260169
 103.50795806
 103.12310084
 103.01481989
 103.01547559
 103.78569829
 103.01018065
 103.08444749
 102.62075228
 102.86570709
 103.02450615
 102.73097871
 103.10544940
 103.00991740
 103.01755362
 102.69482246
 103.54336577
 102.40570034
 102.59040682
 102.60787464
 102.82535345
 102.21971571
 103.03316873
 103.12534589
 102.36792795
 102.71042832
 102.28685884
 102.69369643
 102.23374851
 102.33485374
 102.05678040
 102.01573748
 102.18423446
 102.01754368
 102.45570677
 102.15815290
 102.05999037
 102.34470632
 102.21660825
 102.07674522
 102.22331351
 102.16184805
 102.11162395
 102.45105145
 101.65649391
 102.02827932
 101.88779929
 101.77754041
 101.83037810
 101.60993373
 101.78910933
 101.84850875
 102.07192310
 101.78029698
 101.61812253
 101.70860035
 101.95168466
 101.47886350
 101.71353791
 102.01749202
 101.68503183
 101.46395079
 102.23067644
 101.40639165
 101.46396404
 101.17113516
 101.50989330
 101.26277308
 101.40542106
 101.05437429
 101.10109249
 101.02397029
 101.09832091
 101.41271680
 101.65876247
 101.10193511
 100.97226320
 101.02306039
 100.88904929
 100.96660061
 100.89650447
 101.16210130
 100.52221973
 101.70484540
 101.52046810
 101.17989985
 101.30820059
 101.38829466
 101.05871352
 101.07179998
 101.03816918
 101.03493921
 100.73071179
 100.83431366
 100.37611803
 100.92886217
 100.70513856
 100.68796723
 100.80664481
 101.64951475
 100.73965224
 100.97101749
 100.53821385
 100.74368482
 100.20826443
 100.75204050
 100.88264254
 100.68833076
 101.05890929
 100.35911519
 101.06847445
 100.85513216
 100.58239781
 100.40290538
 100.45369772
 100.46708753
 100.43522049
 100.85442097
 101.06233588
 100.67642540
 100.69283676
 100.69533485
 100.19473277
 100.03052780
 100.81420197
 100.12434761
 100.44274752
 100.49238770
 100.29003562
 100.23306695
 100.01158738
 100.25469384
 99.87551562
 100.41625471
 100.02412706
 100.09826740
 99.95376870
 100.02151710
 99.88442083
 99.91096166
 99.96656048
 100.13932181
 99.82273458
 99.96640052
 99.62862267
 99.73518499
 99.84722436
 100.10008517
 99.89594559
 100.01136601
 99.90978661
 100.06069610
 100.30103898
 99.51220520
 100.69267478
 99.68383761
 100.28391787
 100.04269385
 99.71878253
 99.63339859
 99.79004362
 99.53249399
 99.60737999
 99.41084986
 99.54588531
 99.74832976
 99.38983653
 99.85080854
 99.75093778
 100.36752658
 99.87381035
 99.90323153
 99.30086343
 99.40348975
 99.63240549
 99.20879563
 99.21520387
 99.37574326
 99.40792763
 98.85550510
 99.36085479
 98.96119213
 99.86583726
 99.50419339
 99.40766761
 99.06135099
 98.99640123
 98.76998240
 98.84452127
 99.34314175
 98.64871188
 98.93722349
 99.46972388
 98.81140788
 98.66857605
 98.85088217
 98.89931658
 98.93340670
 98.97763864
 98.64052946
 98.86938232
 98.69168800
 98.91994609
 98.68809517
 98.85177089
 98.78739622
 98.54699278
 98.63708127
 98.58157317
 99.05638006
 98.43857875
 99.02557688
 99.59504183
 98.68367434
 98.77422135
 99.23102904
 98.93865298
 98.38567699
 98.49455318
 98.76311419
 98.40554398
 98.13323860
 98.34750645
 98.36347908
 98.13592877
 98.39477889
 98.29483792
 98.11308311
 98.02234808
 97.95744961
 98.20727979
 97.94147828
 97.95191875
 98.01204507
 98.05011376
 98.24595872
 98.14875222
 98.37590066
 98.27479343
 97.97736159
 98.45796600
 98.70455399
 97.69600438
 99.44940270
 98.82668168
 99.07669655
 97.73692104
 98.05507916
 97.79830608
 98.04353788
 97.75404193
 97.76243121
 97.86409980
 97.69293110
 97.65241311
 98.35982638
 97.70788486
 97.81945959
 97.35858458
 97.99149642
 97.65723918
 97.71677969
 97.82697710
 97.72429897
 97.78113325
 97.50292368
 97.69602877
 97.29683973
 97.70378138
 97.35477972
 97.23291226
 97.66615256
 98.59450886
 98.30351195
 97.58001153
 97.27802929
 97.96473114
 97.41902214
 97.16281557
 97.58269434
 97.37114211
 97.48265802
 97.16359947
 97.36299221
 97.35046258
 97.20709369
 97.17126602
 97.12316892
 97.38030683
 97.03901251
 97.26644681
 97.14400695
 97.28968714
 96.81462253
 97.77788522
 97.53108036
 97.40210826
 97.01280860
 96.98694548
 97.00089768
 96.98168174
 97.27496804
 97.04979143
 97.15883718
 97.11912804
 98.06783835
 97.28859423
 97.83385359
 97.00954023
 98.22653138
 98.25184472
 97.00027752
 96.91761792
 96.85129005
 96.92207754
 97.08087695
 96.93623735
 97.33222381
 96.67879639
 96.85670077
 96.57237486
 96.56304786
 96.53950343
 96.50220940
 96.50087283
 96.44676636
 96.66797550
 96.47904723
 96.40243505
 96.68353426
 96.38601755
 96.37178377
 96.66095540
 96.38732602
 96.59157114
 96.73628617
 96.69772506
 96.69871198
 96.37370151
 96.65078648
 96.23628981
 96.44054772
 96.30726057
 96.67138262
 96.45975762
 96.35502666
 96.90917363
 96.79955098
 96.28828373
 96.34595060
 96.42488639
 96.61807773
 96.42022297
 96.16540076
 96.83944590
 96.53379649
 96.60460878
 96.92225875
 96.23313643
 96.84987993
 96.75866430
 96.31400398
 96.14112088
 96.33055516
 95.94800456
 95.97464078
 96.43114122
 96.13853928
 96.82947292
 96.57118611
 97.13056739
 96.50516546
 96.34874643
 95.67136053
 96.64006273
 96.00922780
 96.34541073
 96.46238110
 95.90482869
 96.01628109
 95.80137240
 96.36643789
 95.73735380
 96.14794879
 95.72975197
 95.73691711
 95.86666238
 95.69896729
 95.69719751
 95.96706115
 96.07804114
 95.90109563
 95.66379761
 95.83158205
 95.67371202
 95.68180431
 95.90607254
 95.82417259
 95.72364178
 95.61668690
 95.69104987
 95.53505699
 95.74231934
 95.89492362
 95.48699589
 95.52889339
 95.53410011
 95.41798978
 96.43450242
 95.53649157
 96.63884711
 95.87820027
 96.17298988
 95.37150906
 95.64433701
 95.27715636
 96.22161699
 95.39356658
 95.57719020
 95.39799820
 95.64571827
 95.38141186
 95.62854003
 95.08881643
 95.63235270
 95.33287695
 95.40928990
 95.55566551
 95.24741667
 95.57093977
 95.12212094
 95.40783799
 95.13888286
 95.40763203
 95.60413898
 95.42577749
 95.29458858
 94.96913833
 95.95276210
 95.12521665
 95.55191974
 94.89871264
 95.52922152
 95.41277671
 94.98531758
 95.23470821
 94.94326957
 95.16282343
 94.96066738
 95.16604964
 94.95323749
 95.34043281
 95.36084203
 95.19492308
 94.98467236
 95.00084708
 94.94777768
 95.05262729
 94.69419627
 94.71119531
 95.11292604
 94.91641500
 94.83591205
 94.73770345
 94.91452322
 94.68991307
 94.75843655
 94.83350964
 95.17084074
 94.59888606
 94.98131804
 95.31836417
 95.11579180
 95.18406010
 94.82049675
 94.83679310
 94.71964270
 94.69346080
 94.63388776
 94.76971838
 94.58782965
 94.64945435
 94.82296111
 94.87572396
 94.92517802
 94.88551931
 94.47691723
 94.42015880
 94.84953133
 94.42186657
 94.87961083
 94.55626088
 94.30239668
 94.44494133
 94.51802612
 94.29537417
 94.43762721
 94.62213617
 95.06831488
 94.51125920
 94.65979750
 94.44143233
 95.36858492
 94.92520021
 95.15106377
 94.56522107
 94.66509305
 94.32164512
 94.79634420
 94.14700517
 95.10087524
 94.29329110
 95.33164982
 94.24494841
 95.06884135
 94.17881644
 94.81338179
 94.79358235
 94.76858597
 94.73204689
 94.50455895
 94.64748182
 94.39335617
 94.04579571
 94.03341150
 94.00082787
 93.93031402
 93.94673368
 94.50802123
 93.90033474
 94.17797918
 93.85057200
 94.03316572
 94.36289812
 94.75349704
 94.71394428
 94.20844327
 94.74795483
 93.66928440
 94.66760836
 94.90581921
 93.75930987
 94.28207673
 95.87364346
 95.26193502
 93.64617349
 94.19706839
 93.92989075
 94.14461588
 94.02718071
 94.49368961
 93.81467977
 94.42776626
 94.23329140
 93.90237454
 94.32356829
 93.66959321
 93.75828586
 93.60691115
 93.69969439
 93.51131201
 93.54404767
 94.05465075
 93.31528306
 93.64650321
 93.54818441
 93.91596090
 93.87834823
 93.56429190
 93.35243212
 93.83347698
 93.88418962
 93.99311227
 93.31041224
 94.21545633
 93.59755795
 93.64499760
 93.27054203
 93.82158754
 94.01533303
 93.94774721
 93.52921077
 93.42600541
 93.45746872
 93.12350088
 93.49390478
 93.11242885
 93.77139949
 93.47180141
 92.99320999
 93.38613133
 93.23385162
 93.48589123
 93.20626335
 93.59540080
 93.28943902
 93.30614549
 93.21298898
 93.43903608
 93.28353179
 93.39706803
 92.99958887
 93.11980635
 93.13009119
 93.04851053
 93.05992850
 93.04879072
 93.01541495
 92.97057494
 93.04023151
 93.22084668
 92.79632036
 93.25087196
 93.24105381
 93.22499064
 93.15765092
 93.18345193
 93.09437086
 93.55442125
 93.64655632
 93.43721071
 94.34218716
 93.58659527
 93.09162174
 92.97260364
 93.25190244
 93.09088273
 93.05263101
 92.89252021
 93.36097779
 93.08472519
 92.85178517
 92.94429955
 93.19927436
 92.53226545
 93.14265367
 92.84947224
 92.77864986
 92.68521665
 92.98676649
 92.89493705
 92.72397625
 92.64980238
 92.80862406
 92.87751353
 92.84893967
 92.78613878
 92.49573790
 92.70103258
 92.70078884
 92.64912456
 92.66670593
 92.54646861
 92.80701512
 92.39208501
 92.47785636
 92.37593059
 92.48915269
 92.34967971
 92.50227941
 92.59345178
 92.55769346
 92.54572135
 92.99650711
 92.61817013
 92.99748783
 92.49317740
 92.65874583
 92.76860806
 92.33462389
 92.58755921
 92.45242899
 92.77679863
 92.45339733
 92.48487807
 92.34245222
 92.26545140
 92.26242352
 92.60001139
 93.28775447
 92.97707267
 92.44595239
 92.67894069
 92.38903695
 92.46025360
 92.23260504
 92.34016236
 92.06290589
 92.45967437
 93.25277148
 92.03037503
 92.31300983
 92.31513969
 92.46659941
 92.32936354
 92.25141330
 92.19215423
 92.02122975
 92.07336875
 91.99683570
 91.97230306
 92.01773000
 91.83036589
 92.08471292
 92.25001654
 91.86202237
 92.07309531
 92.07828152
 92.62194492
 91.89659582
 92.27749956
 91.90999927
 92.31274421
 91.91176291
 92.52320064
 92.31460974
 92.87130269
 91.97996440
 92.13343404
 92.22091809
 91.98310651
 92.02744310
 92.08654793
 91.62566422
 91.82076191
 91.70982084
 91.87672700
 91.68323011
 91.92396202
 91.70391777
 91.95806952
 92.23443068
 92.05804009
 92.23247566
 92.39350078
 92.02432266
 92.06033144
 91.78042330
 91.76918740
 91.53884288
 92.40521745
 91.51569157
 92.32566704
 92.73132529
 91.46459514
 91.80170152
 92.17284651
 91.95992991
 91.70558678
 91.59346273
 91.80173740
 91.25972070
 91.82077830
 91.58734920
 91.40730078
 91.51388269
 92.06779667
 91.78504343
 91.77774188
 91.61503677
 91.74222700
 91.56383659
 92.10333990
 91.40072812
 91.99598968
 91.56015250
 91.28735933
 91.54106958
 91.55913939
 91.52131645
 91.41032782
 91.04757088
 91.82495057
 91.27990463
 92.60678268
 91.91757887
 92.66020150
 91.19476384
 92.04512032
 91.75650434
 91.43014489
 91.12663689
 91.29446807
 91.16200416
 91.38260867
 91.03952800
 91.42131259
 91.68448258
 91.30956670
 91.51345119
 91.26205453
 91.45879731
 91.30100858
 91.84784156
 91.18866501
 91.63735086
 91.12687844
 91.34861611
 90.90290723
 92.02853481
 91.01330437
 91.88468655
 91.20175748
 91.44385700
 91.48164385
 91.19139831
 91.47561091
 91.13784673
 90.98050306
 91.13905477
 90.90070486
 90.97761629
 90.91222475
 90.99900919
 90.93275358
 91.05897130
 90.84793624
 91.15477110
 91.25800185
 90.85227773
 91.06043602
 91.01269192
 90.83679553
 90.74702988
 90.98882256
 91.11746310
 91.82040215
 91.00839772
 90.85957500
 91.02295239
 91.31048987
 90.70618256
 90.69725465
 90.85923310
 90.86420784
 90.66437853
 90.65847049
 90.97445269
 90.44355240
 90.67578085
 90.94104429
 91.04470523
 90.30229252
 90.84621386
 90.83264756
 90.76561829
 90.56205666
 91.09268113
 90.70176064
 90.71663924
 90.44105518
 90.78011536
 90.54605191
 90.41829262
 90.39910492
 90.72001835
 90.58889491
 90.64840534
 90.38467338
 91.26116179
 90.88283134
 90.44333310
 90.31890327
 90.24403300
 90.52267258
 90.79113763
 90.38341972
 90.44109972
 90.65147101
 90.76642243
 90.24056736
 90.52742248
 90.40646962
 90.08542525
 90.65746785
 90.48069388
 89.98824790
 90.89695448
 90.42860224
 90.33525651
 91.22936191
 90.34132827
 91.26620570
 90.18312647
 91.09046082
 90.66776931
 91.26532770
 90.10382426
 91.14013930
 90.04693890
 91.04996904
 90.28565303
 90.90011780
 91.37594170
 90.84943955
 90.14294674
 90.02740813
 90.63013384
 90.42195508
 89.89499289
 89.81466419
 90.26808805
 89.86035938
 89.92030630
 90.11118872
 90.01980019
 89.91948174
 89.96044946
 89.74749418
 89.95529675
 90.10109018
 89.94665653
 90.33158625
 90.43059014
 89.79406079
 90.48250544
 90.37683875
 90.38909980
 90.50289100
 90.03469489
 90.12666507
 90.24227750
 90.10722939
 89.59765215
 90.14055864
 89.41919447
 91.17177938
 90.01715553
 90.03933701
 90.13560093
 89.98940410
 89.51438346
 89.81013420
 89.86268799
 90.38279042
 89.51699857
 89.64462029
 89.57042323
 89.49876328
 89.74761060
 89.73142883
 89.46752547
 89.44154880
 89.51122652
 89.39073108
 89.39533704
 89.67338783
 89.44476886
 89.89570082
 89.37811835
 89.24571814
 89.25510659
 89.40196489
 89.41074285
 89.40882720
 89.68215545
 89.25766131
 89.37412586
 89.25060590
 89.44852425
 89.16660419
 89.20129832
 89.19388377
 89.24902744
 89.14525787
 89.38445809
 89.25610754
 89.00887052
 89.53867068
 89.21721602
 89.25378054
 89.10645567
 89.35598617
 89.09449164
 89.09594737
 89.22973217
 89.11303864
 89.13709889
 89.13518270
 89.19083959
 88.94097081
 89.05260302
 89.33794154
 89.12387090
 89.03532823
 89.62136609
 89.90093822
 89.34895887
 89.96207955
 89.44055315
 89.10500856
 88.88732263
 89.12472172
 89.07786362
 89.20691628
 88.97885667
 89.89512221
 88.93044068
 89.50400123
 89.33703581
 88.99653307
 88.97862882
 89.00477281
 89.76739196
 90.16603381
 89.44005028
 90.60044896
 89.63164926
 89.82164147
 88.84890071
 89.60994299
 89.75740021
 89.69556927
 88.69920238
 89.16739123
 89.32655251
 88.85804653
 88.65507381
 88.81708613
 88.67753065
 88.63004280
 88.81116608
 88.76346729
 88.57575276
 89.33945744
 88.64618193
 88.87467036
 88.73130276
 88.61313070
 88.81603894
 88.91620643
 88.58644133
 88.84845342
 88.67685028
 89.26272575
 88.89481538
 88.89944983
 88.37426818
 88.64251526
 88.83076991
 88.65106601
 88.44279351
 88.41558508
 88.66315053
 88.31248193
 88.38437634
 88.75370364
 88.65661392
 88.45275310
 88.52087490
 89.13702091
 88.95651797
 88.57684282
 88.58467698
 88.35973232
 88.16712410
 88.53620686
 88.28744607
 89.12648019
 88.10454263
 89.20962170
 89.34469017
 88.52008354
 88.27276526
 88.77398015
 88.00867091
 88.39922178
 87.99882852
 88.85647988
 88.21140207
 89.25948017
 88.28235148
 89.38436547
 88.16977403
 89.97839309
 89.53721607
 87.94908503
 89.75076514
 88.59441141
 89.57542414
 89.65780912
 88.75191276
 88.45344418
 88.35376827
 88.44286796
 88.44805099
 88.03708323
 87.73519313
 88.28104187
 87.84370673
 88.32670148
 88.37947267
 88.09027446
 88.03791665
 88.30577792
 88.04202019
 88.00296007
 87.88561008
 88.30613889
 88.01243157
 87.89416770
 88.35637510
 88.08317427
 88.06335065
 88.30192921
 88.34217597
 88.00369739
 87.99646389
 88.00188848
 87.90477321
 87.68811863
 88.70154970
 87.86372854
 88.04849248
 87.86160258
 88.14517548
 87.83799634
 87.57554350
 87.53649513
 88.06222708
 89.18363523
 88.19705260
 87.89148916
 87.69408492
 87.90981895
 87.60218629
 88.36907322
 88.26070902
 87.53502859
 87.92812359
 87.71922781
 87.67346394
 87.45191200
 87.50662582
 87.70435180
 87.87769585
 87.60059439
 87.58185684
 87.47171626
 87.62590516
 87.41445551
 87.49995053
 87.53755339
 87.25555572
 87.50040008
 87.88668953
 87.52617172
 87.50561886
 87.59702425
 87.49169346
 87.68671321
 87.63877343
 87.35377135
 87.61208085
 87.46680348
 87.36511530
 87.71287377
 87.40529054
 87.87522630
 87.51187628
 87.59453664
 88.53198585
 88.10833897
 87.66052144
 87.93084519
 87.55371813
 87.84589065
 88.81887980
 88.79039666
 87.66610077
 88.49219652
 87.60217475
 87.21724507
 87.37783332
 87.34847202
 87.54438414
 87.37407647
 87.00851166
 87.91255850
 87.20619792
 87.99709874
 87.31008116
 88.03434162
 86.90340967
 88.31176977
 87.61289318
 87.92476969
 87.29474480
 87.59760366
 87.33209720
 87.21614348
 87.13322064
 86.98778660
 87.14368542
 88.08649304
 87.41134679
 87.89126172
 87.14927651
 87.45933345
 87.41089511
 87.38976380
 86.86029127
 87.75270353
 86.87218698
 88.34307756
 87.38195459
 87.63171757
 87.73293966
 87.57369536
 88.23655490
 87.56745066
 88.00946281
 86.72687446
 88.38256570
 87.03584656
 87.48445426
 87.52489828
 87.25645369
 87.64408396
 87.41688532
 86.89363650
 86.99699288
 86.77215464
 86.77586247
 86.78791082
 86.70494186
 86.98551514
 86.77748579
 87.01421200
 87.16765880
 87.19702517
 87.07019757
 86.87456617
 87.00361893
 86.94230314
 86.95501380
 86.99325541
 86.67795605
 86.61734980
 86.55285074
 86.71536748
 86.65273307
 86.71544355
 86.83820416
 86.57010495
 86.84073642
 86.76585746
 86.53986092
 87.04429018
 87.10675104
 87.01767140
 87.19912237
 86.50134133
 86.66905314
 86.72600202
 87.31407224
 86.68120119
 87.14921803
 86.15184606
 87.31318090
 86.84180807
 86.56460051
 86.78755772
 86.43894175
 87.40407455
 86.66152937
 86.53526369
 87.37571036
 86.27742780
 86.92045797
 87.23166110
 86.57596800
 86.68126951
 87.75928142
 86.67949629
 86.97524747
 87.03821803
 86.38435076
 86.55898625
 86.46859022
 86.29367564
 86.27832214
 86.52849602
 86.16507057
 86.17030337
 86.47996077
 86.20186064
 86.23496815
 86.19788657
 86.26950201
 86.24393154
 86.37063428
 86.78665546
 86.48703975
 86.67450405
 86.56288308
 86.46637880
 86.23411963
 86.19691761
 86.09517546
 86.04958078
 86.30592011
 86.60398093
 85.92675972
 86.64122262
 87.17604575
 87.31193220
 86.34268767
 86.16339331
 86.19796487
 86.42986129
 86.05532949
 86.05295602
 86.20811157
 86.26035086
 85.88824791
 86.03694776
 86.07972936
 86.44006450
 86.20683444
 86.45514407
 86.06171088
 86.49349050
 85.92940509
 86.47340906
 86.65168406
 87.89488698
 86.71805103
 87.48331649
 85.84254530
 87.89180727
 87.05681559
 86.80103896
 86.66127498
 86.51717062
 85.91091482
 85.97221712
 86.16266251
 85.58589011
 86.05865494
 85.97132267
 85.83867465
 86.02824534
 86.08536890
 86.09350633
 85.77428738
 86.14058292
 86.05448454
 86.08368454
 85.72760404
 85.97224609
 85.86804887
 85.32618850
 86.48768277
 85.39687880
 86.63538001
 86.75414199
 86.19583840
 86.25651056
 86.48617402
 85.79267213
 85.56926816
 85.65024055
 85.50836644
 85.57856756
 85.51567108
 85.86153296
 85.57472321
 86.10229802
 86.20949669
 85.92679184
 85.54888055
 85.59753421
 85.23251652
 85.91693101
 86.02289700
 85.54866814
 85.67496864
 85.52196632
 85.90980815
 85.64486210
 85.52452354
 85.71666297
 85.09910240
 85.94931289
 85.90966328
 85.88100394
 85.87739976
 85.60181899
 85.77271137
 85.36454692
 85.35113326
 85.33728706
 85.33908557
 85.46398450
 85.51252336
 85.38406549
 85.27249611
 85.44642645
 85.11463797
 85.58823853
 85.36112208
 85.43268048
 85.24987004
 85.59323535
 85.47510408
 85.24768860
 85.59583375
 85.42748161
 85.24901783
 85.40414444
 85.23899431
 85.18012452
 85.17438752
 85.37712299
 85.51403538
 86.43929698
 84.89204727
 86.71445990
 85.70198419
 86.54256304
 85.20665686
 86.23150658
 84.98903455
 86.93579527
 85.79404005
 86.30116581
 84.91671127
 86.14847350
 85.27260420
 87.05068678
 85.51938559
 87.00361279
 85.24917591
 86.22174341
 85.30842158
 85.86968004
 85.85416068
 85.88741834
 85.30175800
 86.48574675
 85.75720589
 85.65999542
 84.87177768
 84.97486303
 84.90988152
 85.09482336
 84.97216648
 85.78836446
 84.82808711
 85.15162219
 85.22451278
 84.84035299
 85.07150491
 84.85128784
 85.82533885
 85.34980475
 85.17983661
 84.90922678
 85.01746344
 84.65196671
 84.99760700
 84.94600846
 84.93169294
 85.00973591
 84.89464303
 84.87842158
 85.37186454
 84.52166365
 85.26530071
 84.91265729
 85.01510519
 84.44257400
 85.58836957
 85.07314036
 85.16030538
 85.25265981
 84.74291487
 84.77960072
 85.04311258
 84.68314649
 84.54985282
 84.88820989
 85.08718251
 84.92446002
 84.66748476
 84.62862590
 84.79945294
 84.38546135
 85.19208403
 84.86498341
 84.87885394
 84.81218186
 85.04484874
 84.69695435
 84.58516059
 84.64235097
 84.41817582
 84.95748054
 84.80181344
 84.55141343
 84.61213920
 84.41086192
 84.28152678
 84.37887003
 84.24353373
 84.45856945
 84.39019661
 84.69049150
 84.41813725
 84.96166778
 84.55391122
 84.72627007
 84.07535498
 84.92334691
 85.16777136
 84.65001262
 84.26124474
 84.55014318
 84.53764219
 84.25086423
 84.22080544
 84.29040006
 84.08332306
 84.23035168
 84.19785908
 84.57517269
 84.37540034
 84.74992755
 84.41644432
 84.48304067
 84.67936997
 84.80382009
 84.41194643
 85.43046243
 84.30777849
 84.46869209
 84.83707169
 85.09188227
 84.07946317
 84.50617333
 84.53922109
 83.93507028
 84.47207800
 84.18875977
 84.27396997
 84.03675430
 84.51526411
 84.33109848
 84.20581540
 83.91913169
 84.07971493
 84.07717658
 84.19650313
 84.04606453
 83.96719439
 84.25474750
 84.04248774
 84.25012791
 83.98602229
 83.94597538
 83.97547451
 83.84153386
 84.05329746
 83.68172311
 83.96608015
 83.98523229
 83.81827928
 83.76053618
 83.86523363
 84.51237065
 84.18410823
 84.62790533
 84.10622442
 83.98204329
 83.76261344
 83.89265301
 83.62658790
 84.00644497
 83.86654122
 83.78125650
 83.86759824
 83.51402825
 83.90916656
 83.75005029
 83.93999337
 83.54868049
 83.95351582
 83.77933299
 83.81518278
 83.76309922
 83.87031674
 83.51187759
 84.07275443
 83.65498607
 83.72522877
 83.73735854
 84.62187263
 83.41989610
 85.66722629
 84.49857439
 84.69917051
 84.59385777
 85.12619085
 83.94122443
 83.49133453
 84.28185000
 84.22707016
 83.92903757
 84.87469127
 83.57710284
 83.98456273
 83.66485839
 83.56828745
 83.92424175
 83.91830309
 83.67659878
 83.91737588
 83.58143346
 83.30953048
 83.79411449
 83.27899922
 84.36650944
 83.47041397
 83.65815622
 83.72282493
 83.54396265
 83.43936443
 83.63776732
 83.41874242
 83.76752697
 83.64114023
 83.85943776
 83.20053947
 83.34841426
 83.48732590
 83.23547878
 83.50240972
 83.29676138
 83.43807809
 84.11424255
 83.52002127
 83.25275894
 83.64481152
 83.60807849
 83.66599205
 83.17334433
 83.20412660
 83.31405065
 83.66243233
 84.02685329
 83.71162560
 83.26756432
 83.98324986
 83.49518912
 83.64162114
 83.33350308
 83.33553945
 83.12296315
 83.37022474
 83.33796017
 83.07472840
 83.36089140
 83.28064708
 83.45364803
 83.60902260
 83.56661330
 83.13925996
 82.92556409
 83.17178012
 83.09450392
 83.13396609
 83.05249834
 83.36676089
 83.41687282
 83.05647019
 83.19041717
 83.00565005
 83.02027045
 83.00837546
 83.05869182
 83.06390989
 83.03406329
 82.94740177
 82.90312574
 82.85809898
 83.15422251
 83.11892633
 83.13033937
 83.26798129
 82.98944147
 83.29082536
 83.12363644
 83.01467491
 82.98047177
 83.02396571
 82.85793860
 83.77992517
 83.20847219
 83.48045438
 83.15667050
 83.97769324
 83.10228402
 83.67924994
 83.51822289
 83.40147867
 83.36611114
 83.21670455
 83.36715925
 82.97005503
 83.49925166
 82.85874035
 83.05949684
 82.99336328
 82.88612515
 83.16498083
 82.88413842
 82.90524159
 82.71583905
 82.94763619
 82.68655363
 83.11680761
 83.09843963
 83.30889632
 82.69761669
 83.39953055
 82.80227699
 83.13476384
 82.52381966
 82.78434273
 82.71721680
 83.11334235
 83.11093931
 82.74182011
 82.49706340
 82.58985468
 82.69846562
 82.68332103
 82.65360497
 82.72257862
 82.64821179
 82.57125652
 82.67321348
 82.67997981
 82.86810964
 82.75593122
 82.58431972
 82.92487061
 82.71604354
 82.71521940
 82.80490588
 82.45622149
 82.76780319
 82.77543219
 82.38343800
 82.85504231
 82.46019395
 82.50985813
 82.91149926
 82.40739474
 83.93481829
 83.10683082
 83.23553344
 82.86424482
 82.16055772
 83.43873390
 82.93902482
 83.71814109
 82.81977841
 83.35034330
 82.62123634
 82.44589283
 82.45432367
 82.41629106
 82.42201198
 82.43204328
 82.50650157
 82.51900310
 82.51389320
 82.73184298
 83.91184904
 82.10913474
 83.38620937
 83.43204917
 83.01705152
 82.17690699
 82.53686651
 82.81115155
 82.80766845
 82.55447865
 82.43778757
 82.35296450
 82.21769604
 82.01328129
 82.35289458
 82.19880914
 82.29576761
 82.56868613
 82.51144444
 82.92772262
 82.17943261
 83.17789115
 82.16103862
 82.79520011
 82.18500624
 82.12639758
 82.63425575
 82.30047847
 82.15448062
 82.92313767
 82.34887504
 83.00108936
 82.51676717
 81.89479036
 82.36655962
 82.29371021
 82.15033633
 81.85236453
 82.11350268
 81.93714132
 81.82004546
 81.90522159
 81.83441455
 82.31537217
 82.21442463
 82.52534374
 82.20286636
 82.43521298
 81.77229965
 82.32997437
 82.40596577
 82.16950900
 81.82670971
 82.06500028
 82.66683058
 82.16088393
 82.80206487
 81.71528436
 82.79169336
 81.90848497
 82.07132456
 81.91125492
 81.95151705
 81.94126904
 82.16068667
 81.79179666
 81.85350868
 81.95421528
 81.66743861
 82.05224072
 81.90506109
 81.96833100
 82.30188164
 81.58071622
 82.13875017
 81.65882020
 82.37135626
 81.97582423
 82.69701835
 81.72535025
 82.11890017
 81.90544009
 82.31345761
 83.22696229
 81.84897880
 83.25117648
 82.38218507
 81.67033974
 82.08086934
 81.51310795
 82.31703980
 81.70673852
 81.71992648
 82.29550984
 81.78270676
 82.13410821
 82.12867085
 81.84949786
 82.05839341
 81.65261433
 82.38378353
 81.69828144
 81.75968808
 81.40712960
 81.51275417
 81.52693625
 81.53000295
 81.74874328
 81.84531540
 81.63751658
 81.62277171
 81.79084256
 81.60277016
 82.05184728
 81.74485576
 81.60783191
 81.28676341
 81.84613035
 81.88967280
 81.74842235
 81.75580061
 81.60307697
 81.93439066
 82.34751501
 81.61523613
 82.20073571
 81.33915282
 82.42305796
 82.11242898
 82.03497419
 81.58128330
 81.43290474
 81.61504442
 81.40289275
 81.51019572
 81.53624715
 81.31587221
 81.56819278
 81.57409660
 81.37407079
 81.17441318
 81.25792686
 81.09819102
 81.11711392
 81.58969346
 81.15237878
 81.46075472
 81.82979465
 81.76320165
 81.27160471
 81.67233163
 81.41985274
 81.12131569
 81.33679797
 81.90116286
 81.62039311
 81.40927242
 82.61311102
 82.14360455
 81.81839665
 81.05763379
 81.67197358
 81.84352445
 81.56369247
 81.50459386
 81.42313067
 81.58613017
 81.04412891
 82.02277253
 81.31630709
 81.69903778
 81.34667206
 81.30656065
 81.27631549
 81.06748270
 81.17290355
 81.14658710
 81.15114856
 81.11512352
 80.96914445
 81.29798945
 81.77640121
 80.92131342
 81.44128411
 81.13330976
 82.21274271
 81.71464434
 81.51016304
 81.00198167
 80.97677999
 80.85066315
 81.19193599
 80.95386020
 81.42093311
 80.99565907
 81.20482852
 81.35840609
 81.22225537
 81.13043658
 81.43327975
 81.12169221
 80.91940405
 81.27712986
 80.94211608
 81.16539253
 80.73342552
 81.03340519
 81.01049011
 81.08621789
 81.11133290
 81.17776333
 80.85234203
 81.52577501
 81.83693576
 81.18577552
 80.68389634
 82.10878069
 80.75279652
 81.78183920
 80.95588940
 81.54456948
 80.78282802
 81.04133273
 80.73643350
 80.90502352
 80.58652272
 80.94616342
 80.54890118
 81.17594346
 80.97237435
 81.01115051
 80.80358875
 80.94544814
 81.00509980
 80.78763999
 81.12158538
 80.76530681
 80.91022897
 80.92760717
 81.04096379
 81.09926662
 81.34209507
 80.78151957
 80.92105806
 80.73494451
 80.83736413
 80.60227425
 81.45504886
 81.59422483
 81.02890318
 81.07826563
 80.76677981
 81.48285471
 81.06110488
 80.53185307
 80.92082722
 81.06329665
 80.86131607
 81.06810651
 80.64334141
 80.82920764
 80.90123344
 80.80545575
 80.45487882
 81.29217853
 80.96791597
 81.13619348
 80.78059295
 82.33069416
 80.74950058
 81.70329918
 81.40455398
 81.05451804
 80.79395885
 80.24626185
 80.50755108
 81.16376452
 81.89217200
 81.39065065
 80.97788750
 80.56823129
 80.68218875
 80.19067672
 80.95515900
 80.79640280
 80.81621195
 80.42636812
 80.25575752
 80.20405746
 81.18588790
 80.68987507
 80.68261241
 80.05370575
 81.59882832
 80.75261358
 80.58488248
 80.57007200
 80.16870626
 81.00722373
 80.45056515
 81.35637750
 80.60095503
 80.73048769
 81.41179993
 81.28923246
 80.66924122
 80.47784629
 80.52625690
 80.66993395
 80.28690167
 80.27757850
 80.45193853
 80.79223639
 80.37825698
 80.04674057
 80.17455465
 80.21487205
 80.42310512
 80.81495023
 79.94110790
 80.86549155
 80.19157489
 80.53352456
 80.21123820
 80.44335379
 80.53036342
 80.06911409
 80.09753214
 80.07511338
 79.90736372
 80.35102610
 79.79674738
 80.70185784
 80.36095067
 80.06077444
 80.79420955
 81.44997487
 81.22804126
 80.55460299
 80.86528573
 80.48481559
 81.31506495
 80.22576710
 80.16781868
 80.38014496
 80.85351724
 80.23612028
 80.15604852
 80.28314342
 80.11732710
 80.12627779
 80.10357399
 80.00782948
 79.84688985
 80.02770067
 80.28535805
 80.30598795
 80.05292505
 80.52522780
 79.73602461
 81.09435927
 80.60930242
 79.69827476
 79.87724287
 80.21851179
 80.29122762
 80.56211997
 80.71295799
 80.22436513
 79.96350854
 80.11954245
 79.96324757
 79.86133320
 79.82248153
 79.85589525
 79.84304063
 79.79462737
 79.78023305
 80.01020822
 80.51572798
 79.62912155
 80.30625344
 79.75759035
 80.24303209
 79.99069784
 80.57771600
 80.36145559
 81.08257983
 80.03628140
 79.97913956
 80.10504546
 79.48260191
 79.69626589
 79.76326208
 79.72516708
 79.58594740
 79.64217041
 79.73869626
 79.71102370
 80.60041301
 80.01063203
 79.90350153
 79.65619061
 79.81694477
 79.54151440
 79.61258761
 79.91113325
 79.62354846
 80.18928402
 79.39194728
 80.12262759
 79.81354335
 79.90874166
 79.85731976
 79.75277526
 80.25401781
 79.74305343
 80.08909266
 79.63650821
 79.69983348
 79.34784838
 79.40044702
 79.40493551
 79.54584946
 79.32661712
 80.00937141
 80.87074059
 79.01775563
 81.06818389
 80.10114917
 79.52339364
 79.55169272
 80.06324602
 79.38488598
 79.16965413
 79.19002152
 79.33990089
 79.30010427
 79.20456228
 79.46008767
 79.55732211
 79.83016457
 79.35614979
 79.40225713
 79.30944269
 79.54227723
 79.23804700
 79.17881885
 79.67208255
 79.07810974
 80.09591505
 80.04741372
 79.51554021
 79.82385942
 79.26636228
 79.48692755
 79.59973626
 79.76222661
 79.45717497
 79.41780926
 79.95284564
 79.43702966
 78.99822769
 80.35184763
 79.91042343
 79.41556999
 79.58273519
 79.21120435
 79.83739534
 79.25298104
 79.33789644
 79.31036208
 79.28651203
 79.04677735
 79.68109179
 79.05697363
 79.34920596
 79.48270142
 79.82802897
 78.91125495
 80.03177599
 79.88876232
 79.50110866
 79.27034434
 79.44327617
 79.18566001
 79.12758898
 79.73180842
 79.57099016
 79.26258139
 80.22902260
 79.00079202
 79.76291403
 79.90510832
 79.94945759
 79.03497397
 79.23110130
 79.37719713
 78.94744819
 79.27867612
 79.38651447
 80.48954222
 79.47547845
 79.26669464
 79.55454256
 79.28292462
 78.97989722
 79.27427601
 79.53383003
 79.30277379
 80.14471097
 80.04490330
 79.25377211
 79.13115787
 79.38192021
 79.09915694
 78.87516993
 78.55525826
 79.44827718
 79.63629784
 78.79766111
 79.59437433
 79.15035563
 79.41830739
 78.81217957
 78.87647369
 78.83776691
 78.91512229
 78.76231268
 78.60145982
 78.76527017
 78.44486204
 79.05081071
 78.91173516
 78.93361864
 78.71367522
 78.96869669
 78.83873774
 79.28812641
 78.88844352
 78.95802836
 79.51130110
 78.38424273
 79.73837525
 78.77897840
 79.62933659
 79.31223502
 79.23900227
 78.70669189
 79.08453287
 78.57629477
 78.82743582
 78.75717247
 78.79198873
 78.47901165
 78.82011855
 79.16117891
 78.65941330
 78.88915189
 78.82801201
 78.58510621
 78.66818636
 79.00719846
 78.49676816
 78.69784565
 78.42367145
 78.57386463
 79.43308244
 78.24942880
 79.10565800
 78.60794189
 78.53498340
 78.73509877
 78.46579368
 78.64019842
 78.92616774
 78.78644052
 78.53162123
 78.61283611
 78.60719595
 78.56938474
 79.23441313
 78.27210427
 80.05628786
 78.79414817
 79.73799282
 78.55583128
 81.02294005
 79.21126569
 79.53412537
 80.54522488
 78.81004784
 80.54688486
 78.80219530
 79.66818979
 78.16829193
 79.05462485
 79.02644598
 78.59998100
 78.43419572
 78.33748334
 78.18732146
 78.60307620
 78.26322829
 78.14494317
 78.51228334
 78.27833880
 78.24636424
 78.15556449
 78.72518760
 78.37914769
 78.41849346
 78.32251407
 78.45705704
 78.55556778
 78.73763655
 78.55681718
 78.92946237
 78.52983322
 78.59531266
 79.50864107
 78.19914383
 78.18370625
 78.11728800
 78.41603695
 78.05480325
 78.43484649
 79.27188349
 78.47817122
 78.88428068
 77.80608450
 79.02172635
 78.78699154
 78.69720884
 78.62669298
 77.99608129
 78.44131516
 78.19865819
 78.22448476
 78.26681286
 78.18880376
 78.36110436
 78.11624296
 77.95827641
 78.23625255
 78.47481800
 77.99779391
 78.85882167
 78.07032871
 78.28856748
 78.41416197
 78.51593677
 78.70261983
 78.12194158
 77.89048404
 78.19539977
 77.82596673
 78.04155717
 77.78300270
 78.48129017
 77.74903643
 78.41202022
 78.85220470
 78.06004461
 78.15995160
 78.98746461
 78.89343742
 79.19146876
 78.63563161
 77.79120813
 78.07662015
 77.77691574
 78.46397223
 78.04121938
 77.97203737
 77.96322488
 77.77732118
 78.69426778
 78.70105696
 78.18458123
 78.52073167
 78.25966940
 78.04326094
 77.76298367
 78.14291510
 77.85371576
 77.72102034
 78.27038200
 77.45623353
 78.52366650
 78.63762879
 77.46217036
 77.84267809
 77.79782689
 77.66608376
 77.88440654
 77.55096559
 78.04250151
 77.71158028
 77.57873688
 78.45689595
 77.92621337
 78.45141653
 77.37263815
 78.16404960
 77.78076504
 77.68670636
 78.30675550
 77.61692182
 78.31806738
 77.58011427
 77.76726276
 77.56094273
 78.16404704
 77.52145534
 78.06364104
 78.05334982
 77.58956160
 78.18020908
 78.08739270
 77.48869237
 78.11078361
 77.73210373
 79.05567004
 77.49299998
 79.36373431
 77.65999095
 78.15434783
 77.70282139
 77.75175085
 77.90781920
 77.60156963
 77.55215440
 77.34338691
 77.49445400
 77.46430898
 77.55084278
 78.32112033
 77.46814648
 78.13421002
 77.26686622
 78.66842867
 77.58475831
 78.59121504
 77.66899037
 77.52538777
 78.07256075
 77.96211166
 77.27759952
 77.34474597
 77.36542851
 77.19173490
 77.07052615
 77.34193783
 76.99590231
 77.48713087
 77.34039847
 77.67899437
 77.17765159
 77.59337701
 77.50906220
 77.67329267
 77.52279238
 77.75134663
 77.48553123
 77.48128368
 78.06802196
 77.46361591
 78.03875922
 78.12821140
 77.00304780
 79.25557503
 77.15906559
 78.37931717
 77.42606346
 77.43512013
 77.62932434
 77.28195687
 77.25210705
 77.74232228
 77.46965588
 77.02732074
 77.50994746
 77.36276946
 77.30675041
 77.34544364
 77.47839511
 77.06207336
 77.49690840
 77.04531061
 77.52096268
 76.81771136
 77.63756069
 77.36014842
 77.12346816
 77.30323124
 77.15022417
 77.57103188
 77.10269934
 77.61726869
 77.22934543
 77.23973239
 77.20865638
 77.64265553
 77.46603723
 77.50156381
 76.92482734
 77.81989752
 76.65307616
 77.56478366
 77.23265113
 76.89491655
 76.83126895
 76.99427248
 76.73939372
 77.56680607
 77.87797213
 77.02361317
 77.30097649
 77.00058820
 77.26433110
 76.91162866
 77.00926280
 76.74258293
 77.01753293
 76.73741577
 76.84345226
 76.68471895
 77.04799526
 76.60777033
 76.74894981
 77.21039948
 77.12666778
 76.78956442
 76.93195532
 76.81866908
 76.84213956
 76.56184789
 77.23240211
 77.05962488
 76.62957436
 77.92715759
 76.66457861
 76.69635691
 76.78846406
 76.69306230
 76.64455394
 76.72039264
 77.37388987
 76.38301512
 77.51037419
 77.46798362
 77.29270627
 77.17715012
 77.57843074
 77.51757055
 77.52553092
 77.16952061
 76.32928872
 77.35704471
 77.69209009
 76.73037812
 76.35938480
 77.11457578
 76.99866204
 77.32375976
 76.67215058
 76.71954389
 76.57942524
 76.78134923
 76.58910476
 76.66242984
 76.77584538
 76.76772573
 76.57629849
 76.61280117
 76.98937565
 76.81413426
 77.03342632
 76.54120831
 77.79925741
 77.23678574
 76.69303634
 76.80587081
 77.69546258
 77.27542183
 77.35265977
 77.01228197
 77.18284038
 76.95020852
 76.87112636
 76.76691108
 76.74991456
 76.93848409
 76.54533878
 76.52785827
 77.12437448
 76.28248073
 76.97664912
 77.09325360
 76.14540387
 76.83292264
 76.78153964
 76.46896017
 76.27792281
 76.37183813
 76.72536248
 76.47129130
 76.44536995
 76.96899937
 76.72115561
 76.92644641
 76.93223765
 76.42973355
 78.06408114
 76.57539905
 76.62694726
 77.05057793
 76.63505584
 75.84358265
 77.87184735
 76.66161093
 76.64624833
 76.50780847
 76.30748107
 76.10463888
 76.39491291
 76.35761129
 76.98203878
 76.34054638
 76.46280413
 76.13431619
 76.21892743
 76.67006061
 77.45008769
 76.72645035
 76.55711571
 76.33002579
 76.03505587
 76.23669456
 75.84031280
 76.06619533
 76.59314994
 76.18889396
 76.43769402
 76.04347298
 76.29067294
 76.26878394
 76.28355548
 75.91955097
 76.02771542
 75.82423736
 76.69381357
 75.84462895
 76.36311278
 76.43944111
 76.36331852
 76.10444575
 76.33021376
 75.94832819
 76.09180140
 75.85833633
 76.50137825
 75.73236974
 75.92948132
 75.94273563
 75.86422432
 75.87900527
 75.86099927
 76.58599778
 75.82761058
 77.32568875
 75.88826543
 76.38071419
 75.92908856
 75.89646269
 76.77784410
 75.68908538
 76.60890674
 75.84332724
 76.32895577
 75.50454581
 76.51832215
 75.67028749
 76.76550564
 76.72143028
 76.94700068
 76.00886205
 76.22310647
 75.84471657
 76.31505562
 76.05817830
 76.20783015
 76.02063244
 75.81075294
 75.95692570
 75.55040473
 75.69159042
 75.67035630
 75.85644484
 76.13920787
 75.95309244
 76.66689606
 76.59764523
 76.45769524
 75.94364870
 75.80122582
 76.34389146
 76.10151273
 75.63374463
 75.86258985
 76.53912132
 76.25039606
 75.59248570
 76.01699842
 75.63334898
 76.11078188
 75.44671925
 75.80157523
 75.53824373
 75.75721022
 76.23673045
 75.99709597
 76.22583199
 76.14986365
 75.51664324
 76.10710310
 76.26903855
 76.54008477
 75.65057539
 76.43533709
 75.43600884
 76.41048866
 75.93558709
 76.51314586
 76.26296549
 77.04675401
 76.03561267
 76.39988822
 75.54811988
 75.56908911
 75.81853618
 76.27567537
 75.54394091
 76.46380149
 76.55921474
 76.54699257
 75.95640527
 76.47174088
 75.78390749
 75.43411704
 75.47198304
 75.55462681
 75.65701789
 76.05568490
 75.44960887
 75.89422979
 75.61739579
 76.20670941
 75.41672384
 75.22825181
 75.39400244
 75.70342771
 75.21121624
 75.53019001
 75.06989835
 75.62134119
 75.74437424
 76.16928450
 75.78974967
 75.98255995
 75.61607153
 75.44531324
 76.21353058
 75.84245496
 75.86066082
 75.41729766
 76.28132503
 75.97445904
 77.04479239
 75.72808331
 76.04115715
 75.17584976
 75.57107620
 75.24252038
 75.35515120
 74.98825555
 75.67426747
 76.15016399
 75.27118018
 75.82993438
 75.23559967
 75.49978701
 75.44250416
 75.01882344
 75.73781004
 75.91582711
 75.21991479
 75.29351473
 75.13494860
 75.32807378
 76.06611478
 75.54147586
 75.62030149
 74.96499448
 75.76024172
 75.59026625
 75.95265993
 75.20430067
 76.11321547
 76.00748271
 75.47982127
 75.18371175
 75.59107317
 75.44498318
 75.59414507
 75.16765387
 75.09589397
 75.02350611
 74.93285348
 75.25747847
 75.27502184
 74.88307754
 74.95203549
 75.84037975
 75.34587235
 75.46077095
 75.09715707
 75.00944409
 74.86634691
 74.90093168
 75.15328123
 75.01908159
 75.60814339
 74.90054873
 75.47526860
 74.78908110
 75.57399145
 75.92208352
 75.89966153
 75.31123686
 75.75394685
 74.78490453
 74.84191967
 74.86838416
 75.05720185
 75.02182843
 74.78330823
 75.52507502
 76.34015373
 74.71585533
 76.04915933
 75.58560423
 75.23259135
 75.17068390
 74.99020402
 75.08047904
 75.17334223
 74.77866007
 74.78935597
 74.97485675
 75.74500677
 75.56926117
 76.33018241
 74.91065302
 74.95908122
 75.29815109
 74.76219026
 75.02251699
 75.08157854
 74.95498013
 74.75851247
 75.29815716
 75.66537339
 74.75418477
 75.39402704
 75.00587068
 75.37018603
 75.03291237
 75.58765229
 74.83726813
 75.21840923
 74.78823013
 75.23660585
 75.82117907
 75.99565229
 75.40712018
 75.11568869
 75.27924656
 74.65994136
 75.12695867
 74.75567704
 74.80525120
 74.69430479
 74.98288295
 74.78027186
 75.19079898
 74.76653040
 75.34776665
 74.73729930
 74.97290129
 74.76757601
 74.61855865
 75.26501617
 75.13070549
 74.95570870
 74.88259365
 74.55760580
 74.49914956
 75.09674793
 75.51882631
 75.42427646
 74.65955570
 74.76867380
 75.68146339
 74.53145017
 75.38451281
 74.95322177
 75.43653082
 74.62277877
 75.07199359
 74.57962788
 74.45066397
 74.31695227
 75.12700396
 74.73689692
 74.29658307
 74.57259619
 74.52047072
 74.55492241
 74.54832171
 74.75080113
 74.88823634
 74.46139483
 74.89884356
 74.73513461
 74.44450087
 75.27858043
 74.46369046
 74.93125611
 74.81128038
 75.15859936
 74.28202029
 74.79743322
 74.39109914
 74.53759050
 74.42856419
 74.31741850
 74.48542232
 74.62376596
 74.64448240
 74.57911592
 74.27863242
 74.45943435
 74.78111668
 74.66529937
 74.26382782
 74.77408574
 74.74491160
 74.25305956
 74.23773847
 74.30860113
 74.39197143
 74.68354636
 74.51707337
 74.52824126
 74.69676881
 74.39293020
 74.63422327
 74.32738600
 74.14027345
 74.34078443
 74.51440654
 74.19841836
 74.21258846
 74.22730522
 74.22595488
 74.58900246
 74.34312598
 74.65377069
 74.40495456
 74.96441355
 74.53159504
 74.58183903
 74.46029134
 74.18090595
 74.71576361
 74.02140526
 74.61693843
 75.65533965
 74.65191370
 74.92050839
 74.09548747
 74.08266857
 74.22565955
 74.28603411
 74.09013448
 74.97654926
 74.42556681
 75.25166036
 73.76835333
 75.08414698
 74.25378389
 74.22312802
 73.73023694
 74.01526198
 74.05515162
 74.15947293
 74.01851691
 73.70463380
 74.08676563
 74.14084420
 73.94697002
 74.55400285
 74.19892136
 74.25966705
 74.25712824
 74.04201719
 74.12600293
 73.84890515
 74.26270503
 74.41074951
 73.78755057
 74.12822269
 73.95838982
 74.14714802
 74.14368033
 74.07627884
 74.83824232
 73.93605177
 74.22288300
 73.97297131
 74.20337242
 73.87588669
 74.34670884
 73.71329193
 74.17064787
 74.50503384
 74.78587257
 73.35886940
 75.10180859
 74.91809249
 73.98832097
 74.93231491
 75.44038321
 74.64189742
 74.12578515
 74.48567661
 74.27082659
 74.14508698
 74.17202770
 74.06895057
 74.02976245
 73.88184519
 74.15312768
 73.82092009
 74.15657108
 73.89022332
 74.05741919
 73.91550800
 73.98707542
 73.65742154
 74.11228684
 73.88850864
 73.74725332
 73.60104107
 73.73207456
 73.57376075
 73.97277665
 75.27986378
 73.34224408
 75.37004309
 73.56204976
 74.78863171
 73.59492092
 74.32772829
 73.72557183
 74.11793448
 73.72555458
 73.68349623
 74.03288692
 74.05336229
 73.81810842
 73.90010520
 73.53722267
 73.41054902
 73.39738655
 73.51541197
 73.42459909
 73.88800289
 73.69535567
 73.46842336
 73.98899660
 74.53824477
 73.79018230
 74.23353787
 73.82096486
 73.53440904
 73.96949982
 73.89782719
 73.37839359
 73.66345705
 74.30224295
 73.74960115
 73.87936442
 73.79404537
 73.58678538
 73.61240201
 73.65619250
 73.75425196
 73.59904933
 73.74229969
 73.57854105
 74.09157301
 73.89734191
 73.66954012
 73.64879060
 73.28949683
 74.06784741
 73.33804101
 74.46206219
 73.28494185
 74.82652703
 74.02452828
 74.27274532
 74.32415546
 74.72446415
 74.04190905
 73.30176878
 73.16612603
 73.32011592
 73.79274445
 73.64973635
 73.66117913
 73.59441169
 73.54514584
 73.36210586
 74.03557717
 73.50516722
 73.81536906
 73.70101013
 73.23870670
 73.73336261
 73.62804631
 73.99712623
 73.05232478
 74.19033444
 73.58145991
 73.26758062
 73.14060498
 73.36632627
 73.08813367
 72.94995907
 73.76544182
 73.34386867
 73.47087129
 73.15917514
 74.14718318
 73.01410690
 74.21397465
 73.78433835
 74.18481654
 73.66277591
 73.13906942
 73.69384165
 73.82221908
 73.59319871
 73.09434285
 73.08851280
 73.43677672
 73.62764764
 73.31037964
 73.39161140
 73.51201238
 73.50030166
 73.04479137
 73.39062620
 73.10406913
 73.30705946
 73.44566859
 73.26043507
 73.20322908
 73.30186600
 73.19544514
 73.32811357
 73.22043369
 73.32214713
 73.76742649
 73.46529269
 73.68691697
 73.45227362
 73.32505748
 73.27957476
 73.70363372
 73.04402146
 73.83915371
 72.95802825
 73.24307507
 72.96954659
 72.95771510
 73.77765812
 73.24063729
 73.29268737
 73.43604309
 73.70665668
 73.08476278
 73.05277322
 72.71531966
 73.61269270
 73.04738080
 72.93641226
 73.23515535
 73.39680330
 73.13379323
 73.10224737
 73.17442146
 72.85475902
 72.93998530
 73.20837944
 72.94639828
 72.86826577
 73.05884659
 72.83145646
 73.14702088
 73.73681455
 73.12257697
 73.47971946
 73.20984987
 74.11143557
 73.44455158
 73.93822187
 73.25924219
 73.58477114
 72.98734339
 72.76220188
 74.15824039
 73.36937902
 74.06884629
 73.03991851
 73.41103776
 73.28866812
 73.24590134
 73.01505758
 72.91853051
 72.88829796
 72.72365445
 72.66531869
 73.00649598
 73.95092082
 73.47361712
 72.96249074
 74.02183897
 73.15586782
 73.36261748
 72.78785397
 73.33225482
 72.99849339
 72.90461058
 72.96795391
 72.50981833
 73.16710453
 72.60516553
 73.37107698
 72.63724001
 73.46876082
 72.71532042
 73.41750776
 72.79582985
 73.08971008
 72.56150377
 72.99984674
 73.20830262
 72.17170800
 73.08569838
 73.36260710
 73.88824590
 72.80654021
 73.91611234
 72.75392904
 72.93855556
 73.01318521
 72.60490504
 73.55411215
 73.15001072
 73.27993203
 73.11820291
 72.81838449
 72.54601785
 72.41556441
 72.54683545
 72.64928759
 73.28642636
 73.28556182
 73.33973219
 72.85476753
 72.73075228
 72.30314194
 72.62254151
 72.58070134
 72.52841274
 72.43572854
 72.25079882
 72.64179417
 72.21133186
 72.79970279
 72.60261058
 72.99427208
 72.47222825
 72.30969496
 72.25114783
 72.66799462
 72.78959115
 72.07832760
 72.86407162
 72.59311604
 73.13847349
 72.23125122
 72.80425579
 73.05041729
 72.37877015
 72.20563601
 72.62640081
 73.07924222
 73.28978015
 72.18904454
 72.37933737
 72.12856492
 72.62218683
 72.12458447
 72.91174625
 72.98507811
 72.43697249
 72.12902104
 72.26093782
 72.70211826
 72.90171527
 72.05095000
 73.30971363
 73.07639404
 73.36675744
 72.90349607
 72.46616358
 72.14582378
 72.62519755
 72.60714529
 72.48621667
 71.95268608
 72.34175413
 72.62449966
 72.61950379
 71.94242864
 72.59759187
 71.83942846
 72.39438018
 72.06209972
 72.07044784
 72.18586165
 71.97755247
 71.78681717
 72.04299779
 71.95198013
 71.91902915
 72.01325183
 72.40022033
 71.66505021
 72.30986112
 72.28113512
 71.96659606
 71.90367821
 72.15498535
 71.63065410
 71.95128296
 72.22474840
 72.06762407
 72.37639351
 72.10920347
 72.11897055
 72.50646982
 72.18616620
 72.22201143
 71.70561092
 72.03450383
 71.62691400
 72.97450757
 71.98027893
 71.81311149
 72.24208571
 72.92861639
 71.93578770
 73.00932498
 72.30221924
 71.91198981
 72.29673554
 72.09067589
 71.89528036
 71.81106096
 71.92250771
 72.07924144
 72.39591042
 71.91127944
 72.22624344
 71.61856325
 72.07832861
 71.83840167
 71.52040536
 72.48926408
 71.89084840
 72.56108579
 72.18964138
 72.44921173
 71.82498330
 71.88079669
 71.88278482
 72.12249624
 71.81286124
 71.55927570
 72.14934762
 71.67259732
 72.12845368
 72.03974338
 71.77408282
 71.91929676
 71.67538496
 71.69564158
 71.68115092
 72.16478847
 72.70142777
 71.56993135
 73.69879807
 72.73906357
 73.21999715
 72.36969986
 71.88108539
 71.95179278
 72.01245760
 71.81215674
 71.91230083
 71.36594621
 72.08641192
 71.60552120
 73.41891905
 71.66833693
 72.84537781
 72.02775962
 71.96801308
 71.88486540
 72.34764136
 71.71832557
 72.58380462
 71.82671006
 73.68682059
 72.52124204
 74.05254858
 72.33910787
 72.43657221
 71.83605732
 72.94112517
 71.49271164
 71.60783559
 71.89877042
 71.78633806
 71.49396979
 71.44860897
 71.68386368
 71.24953209
 72.19051538
 71.41084017
 72.46584975
 71.58519214
 72.37103119
 71.53664468
 72.10668713
 72.03017809
 71.86657874
 71.49868931
 71.57964883
 71.56469386
 71.48947246
 71.42682380
 72.52837860
 71.44994385
 72.40781762
 71.81899243
 71.46401669
 72.24848531
 71.92829999
 71.68414488
 71.27030538
 71.60009771
 70.90147404
 72.33944868
 71.27499333
 72.03107917
 71.41940492
 71.58902345
 71.51670787
 71.34032917
 71.77289524
 71.88747092
 71.94724458
 71.42165011
 73.08433918
 71.47902555
 72.67807303
 71.55614621
 72.54254842
 71.10402777
 72.29038537
 71.22254713
 71.80550054
 72.04965400
 71.71985887
 71.50321511
 71.33675295
 71.50273955
 71.75568311
 71.39843594
 71.51941125
 71.73123707
 71.25660726
 71.91631568
 71.65104762
 72.01920845
 71.69695871
 70.90970219
 71.81937460
 71.13810708
 71.31259181
 71.41563802
 71.52016660
 71.08465823
 71.21179630
 71.69986963
 71.85708011
 72.39241694
 72.00309668
 72.42713261
 71.59296963
 71.93215561
 71.45398564
 71.26379530
 71.61248716
 72.52228613
 73.00465957
 72.45041320
 71.36334182
 71.21046955
 72.05479408
 71.15110572
 71.82440426
 71.13971554
 71.41218906
 71.15789363
 71.16221274
 71.65653666
 71.36616363
 71.54089609
 71.45897124
 71.30525061
 71.34203850
 71.18942595
 71.10750109
 71.48004976
 71.29401518
 71.16980731
 70.90648238
 71.22357594
 70.89396958
 70.84987678
 71.71848116
 70.95533283
 71.13269691
 71.85341629
 71.42074299
 71.00620167
 70.76057598
 70.85828787
 71.06185444
 71.17444541
 70.86135843
 71.62680409
 70.88370103
 71.21740946
 71.20757782
 71.09200596
 71.95887599
 71.35137435
 71.83763700
 71.19628845
 71.78560112
 71.04793024
 71.07566468
 71.46015914
 70.95808852
 71.49576894
 70.85121108
 71.56886358
 70.97223255
 71.13301904
 71.08549233
 71.52465720
 71.29492469
 71.44907717
 70.62617399
 71.34300283
 70.90997837
 71.11147949
 70.75971718
 70.91738633
 70.76434706
 70.94486629
 70.80303128
 70.87905540
 71.30889601
 70.95330232
 71.28078570
 70.78069413
 71.25307729
 71.45215317
 71.15780473
 70.73565713
 70.84781115
 71.13467199
 70.53831784
 70.95570548
 70.82824906
 70.78023402
 71.27166352
 71.46047964
 70.41036360
 71.19701206
 71.02971371
 70.63929550
 70.69252301
 70.76919174
 71.18373389
 70.65846584
 71.84135104
 71.33383293
 71.43736134
 71.70432467
 71.77773406
 70.65786140
 71.38670173
 71.15537740
 71.08035306
 70.81501686
 70.96184173
 71.51948868
 71.18498922
 71.18207090
 70.95600890
 70.58009692
 71.18696689
 71.19195752
 71.04055950
 70.44420149
 71.08886226
 70.86734316
 71.11178374
 70.90013306
 70.96575293
 70.32416190
 71.21913495
 70.87995551
 71.25552679
 70.91713326
 71.47978466
 70.75854949
 71.39205865
 70.98853096
 72.06603257
 70.89032073
 71.89558559
 70.89989201
 71.79500189
 71.36646918
 70.97828264
 70.92820121
 70.94376362
 71.26747305
 70.61806399
 70.53065848
 70.79462571
 70.62127444
 70.38372013
 70.62642539
 70.37897047
 70.36449798
 70.75962861
 70.21032586
 70.56336206
 70.74965380
 70.73568970
 70.66121982
 70.71905763
 70.60571254
 70.57202529
 70.53087347
 70.88532805
 71.24509069
 71.15700985
 71.58401188
 70.38874384
 71.44791526
 71.81682952
 71.32485118
 70.97855406
 70.52008168
 70.94951926
 70.47149069
 70.35757847
 70.31731418
 70.42043460
 70.13233243
 70.54046219
 70.65379764
 70.65827851
 70.71131629
 70.46160044
 70.21354124
 70.19767626
 70.29228145
 70.08254867
 70.37118407
 70.22812354
 70.49908608
 70.47870653
 70.67210192
 70.36495178
 70.08939945
 70.50731289
 70.60871518
 70.39328663
 70.63588586
 71.16397621
 70.67476308
 70.56653325
 70.39943451
 70.13861433
 70.59983260
 70.78743951
 70.51225385
 70.08024724
 70.94001637
 71.60913248
 70.63681853
 70.39393282
 71.06555113
 71.00535929
 70.76685737
 70.73568870
 70.25599084
 70.82033802
 70.54558845
 71.70791472
 70.77152802
 70.78756224
 70.72261085
 70.46912235
 70.38179140
 70.55378530
 70.38220161
 70.05628625
 70.52349121
 70.56557084
 71.06827221
 70.37348901
 70.79340917
 70.48893271
 70.62952447
 71.21357990
 70.29438851
 70.28314496
 70.58383208
 70.07342240
 69.97695398
 70.86590109
 69.93154712
 70.54911853
 70.96718481
 70.08132300
 71.18677332
 70.46583639
 71.19076946
 70.81148988
 70.47353525
 70.64905467
 70.43381627
 70.67969150
 69.98230049
 70.87771701
 70.23089455
 70.32022349
 70.34928578
 70.14292701
 70.38710162
 70.73917877
 70.08404684
 70.23475906
 70.10271461
