0
-0.00028829
0
0.0051253
0
0.0061992
0
-0.00017209
0
-0.0011686
0
-0.0067096
0
-0.0053716
0
0.00017209
0
0.0014569
0
0.0015843
0
-0.00082755
0
0
0
-0.00016666
0
-0.011724
0
-0.00046415
0
0.0010649
0
-0.00077656
0
0.014884
0
0.00090665
0
-0.0010649
0
0.00094322
0
-0.0031597
0
-0.00044249
0
0
0
0.00024533
0
0.0012095
0
-0.0070544
0
0.00090488
0
0.00096351
0
-0.0022002
0
0.0063445
0
-0.00090488
0
-0.0012088
0
0.00099076
0
0.00070989
0
0
0
0.00016666
0
0.0035274
0
0.00046415
0
-0.00026865
0
0.00077656
0
-0.0045576
0
-0.00090665
0
0.00026865
0
-0.00094322
0
0.0010303
0
0.00044249
0
0
0
4.2961e-05
0
0.0014959
0
0.00085527
0
-0.0010311
0
0.00020508
0
-0.0012908
0
-0.00097293
0
0.0010311
0
-0.00024804
0
-0.00020518
0
0.00011766
0
0
0
0
0
0.00036601
0
0
0
-0.00049797
0
0
0
-0.0001255
0
0
0
0.00049797
0
0
0
-0.00024051
0
0
0
0
