    rotor
    {
        type            calculated;
        value           nonuniform List<scalar> 
4560
(
0.19794
0.403909
0.626897
0.868311
1.12967
1.41264
1.71898
2.05063
2.4097
2.79843
3.21928
3.67491
4.16819
4.70222
5.28039
5.90632
6.58398
7.31762
8.11188
8.97177
9.9027
10.9105
12.0017
13.1829
14.4617
15.8462
17.3451
18.9677
20.7244
22.6262
0.403909
0.608973
0.830983
1.07134
1.33155
1.61327
1.91827
2.24847
2.60596
2.99299
3.41199
3.86562
4.35673
4.88843
5.46405
6.08724
6.76192
7.49235
8.28313
9.13924
10.0661
11.0695
12.1558
13.3319
14.6051
15.9835
17.4758
19.0913
20.8403
22.7337
0.626897
0.830983
1.05193
1.29114
1.55012
1.83049
2.13404
2.46266
2.81844
3.20362
3.62063
4.07209
4.56086
5.09002
5.6629
6.28311
6.95457
7.68151
8.46852
9.32055
10.243
11.2416
12.3227
13.4932
14.7604
16.1322
17.6173
19.2252
20.9658
22.8501
0.868311
1.07134
1.29114
1.52911
1.78674
2.06566
2.36763
2.69455
3.04848
3.43166
3.8465
4.29563
4.78186
5.30827
5.87817
6.49517
7.16314
7.88631
8.66923
9.51684
10.4345
11.4279
12.5035
13.6678
14.9284
16.2931
17.7706
19.37
21.1016
22.9762
1.12967
1.33155
1.55012
1.78674
2.04292
2.32026
2.62052
2.94559
3.29753
3.67855
4.09104
4.53763
5.02112
5.54455
6.11124
6.72475
7.38895
8.10803
8.88653
9.72935
10.6418
11.6296
12.6991
13.8569
15.1103
16.4673
17.9364
19.5269
21.2487
23.1127
1.41264
1.61327
1.83049
2.06566
2.32026
2.5959
2.89431
3.21739
3.56716
3.94583
4.35579
4.79963
5.28014
5.80036
6.36356
6.9733
7.63341
8.34807
9.12178
9.95942
10.8663
11.848
12.9109
14.0616
15.3073
16.656
18.116
19.6967
21.4079
23.2604
1.71898
1.91827
2.13404
2.36763
2.62052
2.89431
3.19073
3.51164
3.85907
4.2352
4.64242
5.08328
5.56057
6.07731
6.63673
7.24239
7.89808
8.60795
9.37648
10.2085
11.1093
12.0844
13.1402
14.2832
15.5206
16.8602
18.3105
19.8805
21.5803
23.4204
2.05063
2.24847
2.46266
2.69455
2.94559
3.21739
3.51164
3.83021
4.1751
4.54848
4.95273
5.39037
5.86418
6.37714
6.93248
7.53371
8.18462
8.8893
9.65222
10.4782
11.3723
12.3404
13.3885
14.5231
15.7514
17.0813
18.5209
20.0795
21.7669
23.5935
2.4097
2.60596
2.81844
3.04848
3.29753
3.56716
3.85907
4.1751
4.51724
4.88765
5.28868
5.72284
6.19287
6.70174
7.25266
7.84911
8.49483
9.1939
9.95074
10.7701
11.6572
12.6175
13.6572
14.7828
16.0014
17.3206
18.7488
20.295
21.9689
23.781
2.79843
2.99299
3.20362
3.43166
3.67855
3.94583
4.2352
4.54848
4.88765
5.25485
5.65239
6.08277
6.54872
7.05317
7.59931
8.19056
8.83067
9.52367
10.2739
11.0862
11.9655
12.9175
13.9482
15.064
16.272
17.5798
18.9956
20.5283
22.1876
23.984
3.21928
3.41199
3.62063
3.8465
4.09104
4.35579
4.64242
4.95273
5.28868
5.65239
6.04615
6.47245
6.93398
7.43364
7.97459
8.56024
9.19427
9.88069
10.6238
11.4284
12.2994
13.2423
14.2632
15.3684
16.5649
17.8603
19.2627
20.7809
22.4244
24.2037
3.67491
3.86562
4.07209
4.29563
4.53763
4.79963
5.08328
5.39037
5.72284
6.08277
6.47245
6.89433
7.35107
7.84555
8.38088
8.96045
9.58791
10.2672
11.0026
11.7988
12.6608
13.594
14.6043
15.698
16.8821
18.164
19.5518
21.0543
22.6808
24.4417
4.16819
4.35673
4.56086
4.78186
5.02112
5.28014
5.56057
5.86418
6.19287
6.54872
6.93398
7.35107
7.80263
8.29149
8.82075
9.39374
10.0141
10.6857
11.4127
12.1999
13.0521
13.9747
14.9735
16.0548
17.2255
18.4929
19.8649
21.3503
22.9584
24.6992
4.70222
4.88843
5.09002
5.30827
5.54455
5.80036
6.07731
6.37714
6.70174
7.05317
7.43364
7.84555
8.29149
8.77428
9.29696
9.86283
10.4755
11.1387
11.8567
12.6341
13.4757
14.3868
15.3732
16.4411
17.5972
18.8489
20.2039
21.6708
23.2588
24.9781
5.28039
5.46405
5.6629
5.87817
6.11124
6.36356
6.63673
6.93248
7.25266
7.59931
7.97459
8.38088
8.82075
9.29696
9.81252
10.3707
10.975
11.6292
12.3374
13.1042
13.9343
14.833
15.806
16.8593
17.9997
19.2343
20.5708
22.0177
23.5842
25.2799
5.90632
6.08724
6.28311
6.49517
6.72475
6.9733
7.24239
7.53371
7.84911
8.19056
8.56024
8.96045
9.39374
9.86283
10.3707
10.9205
11.5157
12.1602
12.8578
13.6131
14.4309
15.3161
16.2745
17.3121
18.4354
19.6515
20.9681
22.3933
23.9363
25.6068
6.58398
6.76192
6.95457
7.16314
7.38895
7.63341
7.89808
8.18462
8.49483
8.83067
9.19427
9.58791
10.0141
10.4755
10.975
11.5157
12.1012
12.735
13.4212
14.1641
14.9684
15.8391
16.7818
17.8023
18.9071
20.1032
21.3981
22.8
24.3176
25.9606
7.31762
7.49235
7.68151
7.88631
8.10803
8.34807
8.60795
8.8893
9.1939
9.52367
9.88069
10.2672
10.6857
11.1387
11.6292
12.1602
12.735
13.3574
14.0312
14.7606
15.5504
16.4053
17.3309
18.333
19.4178
20.5923
21.8638
23.2403
24.7304
26.3437
8.11188
8.28313
8.46852
8.66923
8.88653
9.12178
9.37648
9.65222
9.95074
10.2739
10.6238
11.0026
11.4127
11.8567
12.3374
12.8578
13.4212
14.0312
14.6915
15.4064
16.1804
17.0183
17.9254
18.9075
19.9707
21.1218
22.3679
23.7169
25.1773
26.7584
8.97177
9.13924
9.32055
9.51684
9.72935
9.95942
10.2085
10.4782
10.7701
11.0862
11.4284
11.7988
12.1999
12.6341
13.1042
13.6131
14.1641
14.7606
15.4064
16.1056
16.8625
17.6819
18.5691
19.5295
20.5693
21.695
22.9136
24.2329
25.6612
27.2074
9.9027
10.0661
10.243
10.4345
10.6418
10.8663
11.1093
11.3723
11.6572
11.9655
12.2994
12.6608
13.0521
13.4757
13.9343
14.4309
14.9684
15.5504
16.1804
16.8625
17.6009
18.4004
19.2659
20.2029
21.2173
22.3155
23.5044
24.7916
26.185
27.6934
10.9105
11.0695
11.2416
11.4279
11.6296
11.848
12.0844
12.3404
12.6175
12.9175
13.2423
13.594
13.9747
14.3868
14.833
15.3161
15.8391
16.4053
17.0183
17.6819
18.4004
19.1782
20.0203
20.9319
21.9189
22.9874
24.1441
25.3963
26.752
28.2197
12.0017
12.1558
12.3227
12.5035
12.6991
12.9109
13.1402
13.3885
13.6572
13.9482
14.2632
14.6043
14.9735
15.3732
15.806
16.2745
16.7818
17.3309
17.9254
18.5691
19.2659
20.0203
20.837
21.7212
22.6784
23.7147
24.8366
26.0511
27.3659
28.7894
13.1829
13.3319
13.4932
13.6678
13.8569
14.0616
14.2832
14.5231
14.7828
15.064
15.3684
15.698
16.0548
16.4411
16.8593
17.3121
17.8023
18.333
18.9075
19.5295
20.2029
20.9319
21.7212
22.5756
23.5007
24.5021
25.5863
26.76
28.0306
29.4061
14.4617
14.6051
14.7604
14.9284
15.1103
15.3073
15.5206
15.7514
16.0014
16.272
16.5649
16.8821
17.2255
17.5972
17.9997
18.4354
18.9071
19.4178
19.9707
20.5693
21.2173
21.9189
22.6784
23.5007
24.3908
25.3546
26.3979
27.5274
28.7501
30.0738
15.8462
15.9835
16.1322
16.2931
16.4673
16.656
16.8602
17.0813
17.3206
17.5798
17.8603
18.164
18.4929
18.8489
19.2343
19.6515
20.1032
20.5923
21.1218
21.695
22.3155
22.9874
23.7147
24.5021
25.3546
26.2774
27.2765
28.3581
29.5291
30.7967
17.3451
17.4758
17.6173
17.7706
17.9364
18.116
18.3105
18.5209
18.7488
18.9956
19.2627
19.5518
19.8649
20.2039
20.5708
20.9681
21.3981
21.8638
22.3679
22.9136
23.5044
24.1441
24.8366
25.5863
26.3979
27.2765
28.2278
29.2575
30.3724
31.5792
18.9677
19.0913
19.2252
19.37
19.5269
19.6967
19.8805
20.0795
20.295
20.5283
20.7809
21.0543
21.3503
21.6708
22.0177
22.3933
22.8
23.2403
23.7169
24.2329
24.7916
25.3963
26.0511
26.76
27.5274
28.3581
29.2575
30.2312
31.2853
32.4264
20.7244
20.8403
20.9658
21.1016
21.2487
21.4079
21.5803
21.7669
21.9689
22.1876
22.4244
22.6808
22.9584
23.2588
23.5842
23.9363
24.3176
24.7304
25.1773
25.6612
26.185
26.752
27.3659
28.0306
28.7501
29.5291
30.3724
31.2853
32.2736
33.3436
22.6262
22.7337
22.8501
22.9762
23.1127
23.2604
23.4204
23.5935
23.781
23.984
24.2037
24.4417
24.6992
24.9781
25.2799
25.6068
25.9606
26.3437
26.7584
27.2074
27.6934
28.2197
28.7894
29.4061
30.0738
30.7967
31.5792
32.4264
33.3436
34.3364
25.1341
25.2548
25.3852
25.5261
25.6783
25.8427
26.0202
26.2118
26.4186
26.6417
26.8823
27.1417
27.4213
27.7224
28.0465
28.3953
28.7703
29.1733
29.6058
30.0698
30.5669
31.0989
31.6675
32.2743
32.9209
33.6085
34.3381
35.1106
35.9262
36.7847
28.0932
28.2485
28.4158
28.5962
28.7904
28.9995
29.2245
29.4665
29.7264
30.0055
30.305
30.6259
30.9695
31.3368
31.7291
32.1473
32.5923
33.065
33.5658
34.0949
34.6524
35.2374
35.8489
36.4847
37.1421
37.8168
38.5034
39.1946
39.8815
40.5526
31.0532
31.243
31.4473
31.6671
31.9034
32.1572
32.4297
32.7219
33.035
33.3702
33.7284
34.1108
34.5184
34.952
35.4124
35.9
36.4151
36.9574
37.5265
38.1208
38.7386
39.3767
40.031
40.696
41.3641
42.0259
42.6695
43.2796
43.8378
44.3213
34.0137
34.2381
34.4793
34.7386
35.0169
35.3154
35.6354
35.9779
36.3442
36.7353
37.1524
37.5963
38.0679
38.5678
39.0963
39.6533
40.2384
40.8505
41.4877
42.1473
42.8254
43.5166
44.2138
44.9078
45.5867
46.2357
46.8362
47.3652
47.7946
48.0906
36.7847
35.9262
35.1106
34.3381
33.6085
32.9209
32.2743
31.6675
31.0989
30.5669
30.0698
29.6058
29.1733
28.7703
28.3953
28.0465
27.7224
27.4213
27.1417
26.8823
26.6417
26.4186
26.2118
26.0202
25.8427
25.6783
25.5261
25.3852
25.2548
25.1341
40.5526
39.8815
39.1946
38.5034
37.8168
37.1421
36.4847
35.8489
35.2374
34.6524
34.0949
33.5658
33.065
32.5923
32.1473
31.7291
31.3368
30.9695
30.6259
30.305
30.0055
29.7264
29.4665
29.2245
28.9995
28.7904
28.5962
28.4158
28.2485
28.0932
44.3213
43.8378
43.2796
42.6695
42.0259
41.3641
40.696
40.031
39.3767
38.7386
38.1208
37.5265
36.9574
36.4151
35.9
35.4124
34.952
34.5184
34.1108
33.7284
33.3702
33.035
32.7219
32.4297
32.1572
31.9034
31.6671
31.4473
31.243
31.0532
48.0906
47.7946
47.3652
46.8362
46.2357
45.5867
44.9078
44.2138
43.5166
42.8254
42.1473
41.4877
40.8505
40.2384
39.6533
39.0963
38.5678
38.0679
37.5963
37.1524
36.7353
36.3442
35.9779
35.6354
35.3154
35.0169
34.7386
34.4793
34.2381
34.0137
3.68703e-18
-0.206402
-0.42986
-0.671783
-0.933698
-1.21725
-1.52424
-1.8566
-2.21642
-2.60597
-3.02771
-3.4843
-3.97861
-4.51377
-5.09315
-5.72041
-6.39949
-7.13468
-7.93062
-8.79232
-9.72521
-10.7352
-11.8286
-13.0123
-14.2939
-15.6813
-17.1833
-18.8093
-20.5697
-22.4755
0.206402
0
-0.223458
-0.465381
-0.727295
-1.01085
-1.31784
-1.6502
-2.01001
-2.39956
-2.8213
-3.27789
-3.77221
-4.30737
-4.88675
-5.51401
-6.19309
-6.92828
-7.72421
-8.58591
-9.5188
-10.5288
-11.6222
-12.8059
-14.0875
-15.4749
-16.9769
-18.6029
-20.3633
-22.2691
0.42986
0.223458
5.41704e-18
-0.241923
-0.503837
-0.787394
-1.09438
-1.42674
-1.78656
-2.17611
-2.59785
-3.05443
-3.54875
-4.08391
-4.66329
-5.29055
-5.96963
-6.70482
-7.50075
-8.36245
-9.29535
-10.3053
-11.3987
-12.5825
-13.864
-15.2514
-16.7534
-18.3795
-20.1398
-22.0456
0.671783
0.465381
0.241923
-9.29152e-18
-0.261914
-0.545471
-0.852459
-1.18481
-1.54463
-1.93418
-2.35592
-2.81251
-3.30683
-3.84199
-4.42137
-5.04862
-5.7277
-6.46289
-7.25883
-8.12053
-9.05342
-10.0634
-11.1568
-12.3405
-13.6221
-15.0095
-16.5115
-18.1375
-19.8979
-21.8037
0.933698
0.727295
0.503837
0.261914
1.19584e-17
-0.283557
-0.590545
-0.9229
-1.28272
-1.67227
-2.09401
-2.5506
-3.04491
-3.58007
-4.15945
-4.78671
-5.46579
-6.20098
-6.99692
-7.85861
-8.7915
-9.80147
-10.8949
-12.0786
-13.3601
-14.7475
-16.2495
-17.8756
-19.636
-21.5417
1.21725
1.01085
0.787394
0.545471
0.283557
0
-0.306988
-0.639343
-0.999162
-1.38871
-1.81045
-2.26704
-2.76136
-3.29652
-3.8759
-4.50315
-5.18223
-5.91742
-6.71336
-7.57505
-8.50795
-9.51791
-10.6113
-11.7951
-13.0766
-14.464
-15.966
-17.592
-19.3524
-21.2582
1.52424
1.31784
1.09438
0.852459
0.590545
0.306988
5.87826e-18
-0.332355
-0.692174
-1.08172
-1.50346
-1.96005
-2.45437
-2.98953
-3.56891
-4.19616
-4.87524
-5.61043
-6.40637
-7.26806
-8.20096
-9.21092
-10.3043
-11.4881
-12.7696
-14.157
-15.659
-17.285
-19.0454
-20.9512
1.8566
1.6502
1.42674
1.18481
0.9229
0.639343
0.332355
0
-0.359818
-0.749369
-1.17111
-1.6277
-2.12201
-2.65717
-3.23655
-3.86381
-4.54289
-5.27808
-6.07401
-6.93571
-7.8686
-8.87856
-9.97197
-11.1557
-12.4372
-13.8246
-15.3266
-16.9527
-18.713
-20.6188
2.21642
2.01001
1.78656
1.54463
1.28272
0.999162
0.692174
0.359818
-4.34483e-18
-0.389551
-0.81129
-1.26788
-1.76219
-2.29736
-2.87674
-3.50399
-4.18307
-4.91826
-5.71419
-6.57589
-7.50878
-8.51874
-9.61215
-10.7959
-12.0774
-13.4648
-14.9668
-16.5928
-18.3532
-20.2589
2.60597
2.39956
2.17611
1.93418
1.67227
1.38871
1.08172
0.749369
0.389551
-7.47874e-18
-0.42174
-0.878328
-1.37264
-1.9078
-2.48718
-3.11444
-3.79352
-4.52871
-5.32464
-6.18634
-7.11923
-8.12919
-9.22259
-10.4063
-11.6879
-13.0752
-14.5772
-16.2033
-17.9636
-19.8694
3.02771
2.8213
2.59785
2.35592
2.09401
1.81045
1.50346
1.17111
0.81129
0.42174
0
-0.456588
-0.950904
-1.48606
-2.06544
-2.6927
-3.37178
-4.10697
-4.9029
-5.7646
-6.69749
-7.70745
-8.80085
-9.98459
-11.2661
-12.6535
-14.1555
-15.7815
-17.5419
-19.4476
3.4843
3.27789
3.05443
2.81251
2.5506
2.26704
1.96005
1.6277
1.26788
0.878328
0.456588
0
-0.494316
-1.02948
-1.60886
-2.23611
-2.91519
-3.65038
-4.44631
-5.30801
-6.2409
-7.25086
-8.34426
-9.52799
-10.8095
-12.1969
-13.6989
-15.3249
-17.0853
-18.991
3.97861
3.77221
3.54875
3.30683
3.04491
2.76136
2.45437
2.12201
1.76219
1.37264
0.950904
0.494316
-1.43774e-17
-0.535161
-1.11454
-1.74179
-2.42087
-3.15606
-3.95199
-4.81369
-5.74658
-6.75654
-7.84994
-9.03367
-10.3152
-11.7026
-13.2046
-14.8306
-16.5909
-18.4967
4.51377
4.30737
4.08391
3.84199
3.58007
3.29652
2.98953
2.65717
2.29736
1.9078
1.48606
1.02948
0.535161
-8.28049e-18
-0.57938
-1.20663
-1.88571
-2.6209
-3.41683
-4.27853
-5.21142
-6.22138
-7.31478
-8.49851
-9.78003
-11.1674
-12.6694
-14.2954
-16.0558
-17.9615
5.09315
4.88675
4.66329
4.42137
4.15945
3.8759
3.56891
3.23655
2.87674
2.48718
2.06544
1.60886
1.11454
0.57938
-7.16224e-18
-0.627252
-1.30633
-2.04152
-2.83745
-3.69915
-4.63203
-5.642
-6.7354
-7.91912
-9.20064
-10.588
-12.09
-13.716
-15.4764
-17.3821
5.72041
5.51401
5.29055
5.04862
4.78671
4.50315
4.19616
3.86381
3.50399
3.11444
2.6927
2.23611
1.74179
1.20663
0.627252
0
-0.67908
-1.41427
-2.2102
-3.07189
-4.00478
-5.01474
-6.10814
-7.29187
-8.57338
-9.96076
-11.4627
-13.0888
-14.8491
-16.7548
6.39949
6.19309
5.96963
5.7277
5.46579
5.18223
4.87524
4.54289
4.18307
3.79352
3.37178
2.91519
2.42087
1.88571
1.30633
0.67908
-1.07619e-17
-0.735188
-1.53112
-2.39281
-3.3257
-4.33566
-5.42906
-6.61278
-7.8943
-9.28167
-10.7836
-12.4097
-14.17
-16.0757
7.13468
6.92828
6.70482
6.46289
6.20098
5.91742
5.61043
5.27808
4.91826
4.52871
4.10697
3.65038
3.15606
2.6209
2.04152
1.41427
0.735188
1.87018e-17
-0.795932
-1.65763
-2.59051
-3.60047
-4.69387
-5.87759
-7.15911
-8.54648
-10.0484
-11.6745
-13.4348
-15.3405
7.93062
7.72421
7.50075
7.25883
6.99692
6.71336
6.40637
6.07401
5.71419
5.32464
4.9029
4.44631
3.95199
3.41683
2.83745
2.2102
1.53112
0.795932
0
-0.861693
-1.79458
-2.80454
-3.89793
-5.08166
-6.36317
-7.75054
-9.25251
-10.8785
-12.6388
-14.5445
8.79232
8.58591
8.36245
8.12053
7.85861
7.57505
7.26806
6.93571
6.57589
6.18634
5.7646
5.30801
4.81369
4.27853
3.69915
3.07189
2.39281
1.65763
0.861693
-1.4203e-17
-0.932886
-1.94284
-3.03624
-4.21996
-5.50147
-6.88884
-8.3908
-10.0168
-11.7771
-13.6828
9.72521
9.5188
9.29535
9.05342
8.7915
8.50795
8.20096
7.8686
7.50878
7.11923
6.69749
6.2409
5.74658
5.21142
4.63203
4.00478
3.3257
2.59051
1.79458
0.932886
-1.24205e-17
-1.00996
-2.10335
-3.28708
-4.56858
-5.95595
-7.45791
-9.08392
-10.8442
-12.7499
10.7352
10.5288
10.3053
10.0634
9.80147
9.51791
9.21092
8.87856
8.51874
8.12919
7.70745
7.25086
6.75654
6.22138
5.642
5.01474
4.33566
3.60047
2.80454
1.94284
1.00996
0
-1.09339
-2.27712
-3.55862
-4.94599
-6.44794
-8.07395
-9.83424
-11.7399
11.8286
11.6222
11.3987
11.1568
10.8949
10.6113
10.3043
9.97197
9.61215
9.22259
8.80085
8.34426
7.84994
7.31478
6.7354
6.10814
5.42906
4.69387
3.89793
3.03624
2.10335
1.09339
-1.9162e-17
-1.18372
-2.46523
-3.85259
-5.35454
-6.98054
-8.74083
-10.6465
13.0123
12.8059
12.5825
12.3405
12.0786
11.7951
11.4881
11.1557
10.7959
10.4063
9.98459
9.52799
9.03367
8.49851
7.91912
7.29187
6.61278
5.87759
5.08166
4.21996
3.28708
2.27712
1.18372
0
-1.2815
-2.66886
-4.17082
-5.79681
-7.55709
-9.46272
14.2939
14.0875
13.864
13.6221
13.3601
13.0766
12.7696
12.4372
12.0774
11.6879
11.2661
10.8095
10.3152
9.78003
9.20064
8.57338
7.8943
7.15911
6.36317
5.50147
4.56858
3.55862
2.46523
1.2815
-2.99964e-17
-1.38736
-2.88931
-4.5153
-6.27557
-8.18119
15.6813
15.4749
15.2514
15.0095
14.7475
14.464
14.157
13.8246
13.4648
13.0752
12.6535
12.1969
11.7026
11.1674
10.588
9.96076
9.28167
8.54648
7.75054
6.88884
5.95595
4.94599
3.85259
2.66886
1.38736
0
-1.50195
-3.12794
-4.88821
-6.79382
17.1833
16.9769
16.7534
16.5115
16.2495
15.966
15.659
15.3266
14.9668
14.5772
14.1555
13.6989
13.2046
12.6694
12.09
11.4627
10.7836
10.0484
9.25251
8.3908
7.45791
6.44794
5.35454
4.17082
2.88931
1.50195
-2.3948e-17
-1.62599
-3.38625
-5.29185
18.8093
18.6029
18.3795
18.1375
17.8756
17.592
17.285
16.9527
16.5928
16.2033
15.7815
15.3249
14.8306
14.2954
13.716
13.0888
12.4097
11.6745
10.8785
10.0168
9.08392
8.07395
6.98054
5.79681
4.5153
3.12794
1.62599
2.16089e-17
-1.76026
-3.66585
20.5697
20.3633
20.1398
19.8979
19.636
19.3524
19.0454
18.713
18.3532
17.9636
17.5419
17.0853
16.5909
16.0558
15.4764
14.8491
14.17
13.4348
12.6388
11.7771
10.8442
9.83424
8.74083
7.55709
6.27557
4.88821
3.38625
1.76026
0
-1.90559
22.4755
22.2691
22.0456
21.8037
21.5417
21.2582
20.9512
20.6188
20.2589
19.8694
19.4476
18.991
18.4967
17.9615
17.3821
16.7548
16.0757
15.3405
14.5445
13.6828
12.7499
11.7399
10.6465
9.46272
8.18119
6.79382
5.29185
3.66585
1.90559
0
24.9744
24.7629
24.5336
24.2852
24.0159
23.724
23.4075
23.0644
22.6924
22.289
21.8515
21.377
20.8623
20.304
19.6981
19.0407
18.3274
17.5531
16.7127
15.8005
14.8102
13.7351
12.568
11.3011
9.92592
8.43351
6.81426
5.05806
3.1543
1.09205
27.9124
27.6913
27.4512
27.1905
26.9074
26.5997
26.2653
25.9018
25.5066
25.0767
24.609
24.1001
23.5461
22.9428
22.2858
21.5699
20.7897
19.9393
19.0121
18.0009
16.8981
15.6952
14.3832
12.9523
11.3921
9.69181
7.83985
5.82448
3.6339
1.25663
30.8511
30.6205
30.3696
30.0967
29.7996
29.4761
29.1238
28.7398
28.3214
27.865
27.3671
26.8237
26.2304
25.5822
24.8739
24.0996
23.2526
22.326
21.3119
20.2019
18.9865
17.6557
16.1987
14.6038
12.8586
10.9504
8.86564
6.59106
4.11359
1.42125
33.7905
33.5502
33.2885
33.0033
32.6923
32.353
31.9827
31.5784
31.1366
30.6537
30.1257
29.5478
28.9151
28.2221
27.4625
26.6296
25.7159
24.7131
23.6121
22.4031
21.0751
19.6164
18.0144
16.2555
14.3254
12.2091
9.89159
7.35775
4.59337
1.58589
-1.09205
-3.1543
-5.05806
-6.81426
-8.43351
-9.92592
-11.3011
-12.568
-13.7351
-14.8102
-15.8005
-16.7127
-17.5531
-18.3274
-19.0407
-19.6981
-20.304
-20.8623
-21.377
-21.8515
-22.289
-22.6924
-23.0644
-23.4075
-23.724
-24.0159
-24.2852
-24.5336
-24.7629
-24.9744
-1.25663
-3.6339
-5.82448
-7.83985
-9.69181
-11.3921
-12.9523
-14.3832
-15.6952
-16.8981
-18.0009
-19.0121
-19.9393
-20.7897
-21.5699
-22.2858
-22.9428
-23.5461
-24.1001
-24.609
-25.0767
-25.5066
-25.9018
-26.2653
-26.5997
-26.9074
-27.1905
-27.4512
-27.6913
-27.9124
-1.42125
-4.11359
-6.59106
-8.86564
-10.9504
-12.8586
-14.6038
-16.1987
-17.6557
-18.9865
-20.2019
-21.3119
-22.326
-23.2526
-24.0996
-24.8739
-25.5822
-26.2304
-26.8237
-27.3671
-27.865
-28.3214
-28.7398
-29.1238
-29.4761
-29.7996
-30.0967
-30.3696
-30.6205
-30.8511
-1.58589
-4.59337
-7.35775
-9.89159
-12.2091
-14.3254
-16.2555
-18.0144
-19.6164
-21.0751
-22.4031
-23.6121
-24.7131
-25.7159
-26.6296
-27.4625
-28.2221
-28.9151
-29.5478
-30.1257
-30.6537
-31.1366
-31.5784
-31.9827
-32.353
-32.6923
-33.0033
-33.2885
-33.5502
-33.7905
-0.19794
-0.403909
-0.626897
-0.868311
-1.12967
-1.41264
-1.71898
-2.05063
-2.4097
-2.79843
-3.21928
-3.67491
-4.16819
-4.70222
-5.28039
-5.90632
-6.58398
-7.31762
-8.11188
-8.97177
-9.9027
-10.9105
-12.0017
-13.1829
-14.4617
-15.8462
-17.3451
-18.9677
-20.7244
-22.6262
-0.403909
-0.608973
-0.830983
-1.07134
-1.33155
-1.61327
-1.91827
-2.24847
-2.60596
-2.99299
-3.41199
-3.86562
-4.35673
-4.88843
-5.46405
-6.08724
-6.76192
-7.49235
-8.28313
-9.13924
-10.0661
-11.0695
-12.1558
-13.3319
-14.6051
-15.9835
-17.4758
-19.0913
-20.8403
-22.7337
-0.626897
-0.830983
-1.05193
-1.29114
-1.55012
-1.83049
-2.13404
-2.46266
-2.81844
-3.20362
-3.62063
-4.07209
-4.56086
-5.09002
-5.6629
-6.28311
-6.95457
-7.68151
-8.46852
-9.32055
-10.243
-11.2416
-12.3227
-13.4932
-14.7604
-16.1322
-17.6173
-19.2252
-20.9658
-22.8501
-0.868311
-1.07134
-1.29114
-1.52911
-1.78674
-2.06566
-2.36763
-2.69455
-3.04848
-3.43166
-3.8465
-4.29563
-4.78186
-5.30827
-5.87817
-6.49517
-7.16314
-7.88631
-8.66923
-9.51684
-10.4345
-11.4279
-12.5035
-13.6678
-14.9284
-16.2931
-17.7706
-19.37
-21.1016
-22.9762
-1.12967
-1.33155
-1.55012
-1.78674
-2.04292
-2.32026
-2.62052
-2.94559
-3.29753
-3.67855
-4.09104
-4.53763
-5.02112
-5.54455
-6.11124
-6.72475
-7.38895
-8.10803
-8.88653
-9.72935
-10.6418
-11.6296
-12.6991
-13.8569
-15.1103
-16.4673
-17.9364
-19.5269
-21.2487
-23.1127
-1.41264
-1.61327
-1.83049
-2.06566
-2.32026
-2.5959
-2.89431
-3.21739
-3.56716
-3.94583
-4.35579
-4.79963
-5.28014
-5.80036
-6.36356
-6.9733
-7.63341
-8.34807
-9.12178
-9.95942
-10.8663
-11.848
-12.9109
-14.0616
-15.3073
-16.656
-18.116
-19.6967
-21.4079
-23.2604
-1.71898
-1.91827
-2.13404
-2.36763
-2.62052
-2.89431
-3.19073
-3.51164
-3.85907
-4.2352
-4.64242
-5.08328
-5.56057
-6.07731
-6.63673
-7.24239
-7.89808
-8.60795
-9.37648
-10.2085
-11.1093
-12.0844
-13.1402
-14.2832
-15.5206
-16.8602
-18.3105
-19.8805
-21.5803
-23.4204
-2.05063
-2.24847
-2.46266
-2.69455
-2.94559
-3.21739
-3.51164
-3.83021
-4.1751
-4.54848
-4.95273
-5.39037
-5.86418
-6.37714
-6.93248
-7.53371
-8.18462
-8.8893
-9.65222
-10.4782
-11.3723
-12.3404
-13.3885
-14.5231
-15.7514
-17.0813
-18.5209
-20.0795
-21.7669
-23.5935
-2.4097
-2.60596
-2.81844
-3.04848
-3.29753
-3.56716
-3.85907
-4.1751
-4.51724
-4.88765
-5.28868
-5.72284
-6.19287
-6.70174
-7.25266
-7.84911
-8.49483
-9.1939
-9.95074
-10.7701
-11.6572
-12.6175
-13.6572
-14.7828
-16.0014
-17.3206
-18.7488
-20.295
-21.9689
-23.781
-2.79843
-2.99299
-3.20362
-3.43166
-3.67855
-3.94583
-4.2352
-4.54848
-4.88765
-5.25485
-5.65239
-6.08277
-6.54872
-7.05317
-7.59931
-8.19056
-8.83067
-9.52367
-10.2739
-11.0862
-11.9655
-12.9175
-13.9482
-15.064
-16.272
-17.5798
-18.9956
-20.5283
-22.1876
-23.984
-3.21928
-3.41199
-3.62063
-3.8465
-4.09104
-4.35579
-4.64242
-4.95273
-5.28868
-5.65239
-6.04615
-6.47245
-6.93398
-7.43364
-7.97459
-8.56024
-9.19427
-9.88069
-10.6238
-11.4284
-12.2994
-13.2423
-14.2632
-15.3684
-16.5649
-17.8603
-19.2627
-20.7809
-22.4244
-24.2037
-3.67491
-3.86562
-4.07209
-4.29563
-4.53763
-4.79963
-5.08328
-5.39037
-5.72284
-6.08277
-6.47245
-6.89433
-7.35107
-7.84555
-8.38088
-8.96045
-9.58791
-10.2672
-11.0026
-11.7988
-12.6608
-13.594
-14.6043
-15.698
-16.8821
-18.164
-19.5518
-21.0543
-22.6808
-24.4417
-4.16819
-4.35673
-4.56086
-4.78186
-5.02112
-5.28014
-5.56057
-5.86418
-6.19287
-6.54872
-6.93398
-7.35107
-7.80263
-8.29149
-8.82075
-9.39374
-10.0141
-10.6857
-11.4127
-12.1999
-13.0521
-13.9747
-14.9735
-16.0548
-17.2255
-18.4929
-19.8649
-21.3503
-22.9584
-24.6992
-4.70222
-4.88843
-5.09002
-5.30827
-5.54455
-5.80036
-6.07731
-6.37714
-6.70174
-7.05317
-7.43364
-7.84555
-8.29149
-8.77428
-9.29696
-9.86283
-10.4755
-11.1387
-11.8567
-12.6341
-13.4757
-14.3868
-15.3732
-16.4411
-17.5972
-18.8489
-20.2039
-21.6708
-23.2588
-24.9781
-5.28039
-5.46405
-5.6629
-5.87817
-6.11124
-6.36356
-6.63673
-6.93248
-7.25266
-7.59931
-7.97459
-8.38088
-8.82075
-9.29696
-9.81252
-10.3707
-10.975
-11.6292
-12.3374
-13.1042
-13.9343
-14.833
-15.806
-16.8593
-17.9997
-19.2343
-20.5708
-22.0177
-23.5842
-25.2799
-5.90632
-6.08724
-6.28311
-6.49517
-6.72475
-6.9733
-7.24239
-7.53371
-7.84911
-8.19056
-8.56024
-8.96045
-9.39374
-9.86283
-10.3707
-10.9205
-11.5157
-12.1602
-12.8578
-13.6131
-14.4309
-15.3161
-16.2745
-17.3121
-18.4354
-19.6515
-20.9681
-22.3933
-23.9363
-25.6068
-6.58398
-6.76192
-6.95457
-7.16314
-7.38895
-7.63341
-7.89808
-8.18462
-8.49483
-8.83067
-9.19427
-9.58791
-10.0141
-10.4755
-10.975
-11.5157
-12.1012
-12.735
-13.4212
-14.1641
-14.9684
-15.8391
-16.7818
-17.8023
-18.9071
-20.1032
-21.3981
-22.8
-24.3176
-25.9606
-7.31762
-7.49235
-7.68151
-7.88631
-8.10803
-8.34807
-8.60795
-8.8893
-9.1939
-9.52367
-9.88069
-10.2672
-10.6857
-11.1387
-11.6292
-12.1602
-12.735
-13.3574
-14.0312
-14.7606
-15.5504
-16.4053
-17.3309
-18.333
-19.4178
-20.5923
-21.8638
-23.2403
-24.7304
-26.3437
-8.11188
-8.28313
-8.46852
-8.66923
-8.88653
-9.12178
-9.37648
-9.65222
-9.95074
-10.2739
-10.6238
-11.0026
-11.4127
-11.8567
-12.3374
-12.8578
-13.4212
-14.0312
-14.6915
-15.4064
-16.1804
-17.0183
-17.9254
-18.9075
-19.9707
-21.1218
-22.3679
-23.7169
-25.1773
-26.7584
-8.97177
-9.13924
-9.32055
-9.51684
-9.72935
-9.95942
-10.2085
-10.4782
-10.7701
-11.0862
-11.4284
-11.7988
-12.1999
-12.6341
-13.1042
-13.6131
-14.1641
-14.7606
-15.4064
-16.1056
-16.8625
-17.6819
-18.5691
-19.5295
-20.5693
-21.695
-22.9136
-24.2329
-25.6612
-27.2074
-9.9027
-10.0661
-10.243
-10.4345
-10.6418
-10.8663
-11.1093
-11.3723
-11.6572
-11.9655
-12.2994
-12.6608
-13.0521
-13.4757
-13.9343
-14.4309
-14.9684
-15.5504
-16.1804
-16.8625
-17.6009
-18.4004
-19.2659
-20.2029
-21.2173
-22.3155
-23.5044
-24.7916
-26.185
-27.6934
-10.9105
-11.0695
-11.2416
-11.4279
-11.6296
-11.848
-12.0844
-12.3404
-12.6175
-12.9175
-13.2423
-13.594
-13.9747
-14.3868
-14.833
-15.3161
-15.8391
-16.4053
-17.0183
-17.6819
-18.4004
-19.1782
-20.0203
-20.9319
-21.9189
-22.9874
-24.1441
-25.3963
-26.752
-28.2197
-12.0017
-12.1558
-12.3227
-12.5035
-12.6991
-12.9109
-13.1402
-13.3885
-13.6572
-13.9482
-14.2632
-14.6043
-14.9735
-15.3732
-15.806
-16.2745
-16.7818
-17.3309
-17.9254
-18.5691
-19.2659
-20.0203
-20.837
-21.7212
-22.6784
-23.7147
-24.8366
-26.0511
-27.3659
-28.7894
-13.1829
-13.3319
-13.4932
-13.6678
-13.8569
-14.0616
-14.2832
-14.5231
-14.7828
-15.064
-15.3684
-15.698
-16.0548
-16.4411
-16.8593
-17.3121
-17.8023
-18.333
-18.9075
-19.5295
-20.2029
-20.9319
-21.7212
-22.5756
-23.5007
-24.5021
-25.5863
-26.76
-28.0306
-29.4061
-14.4617
-14.6051
-14.7604
-14.9284
-15.1103
-15.3073
-15.5206
-15.7514
-16.0014
-16.272
-16.5649
-16.8821
-17.2255
-17.5972
-17.9997
-18.4354
-18.9071
-19.4178
-19.9707
-20.5693
-21.2173
-21.9189
-22.6784
-23.5007
-24.3908
-25.3546
-26.3979
-27.5274
-28.7501
-30.0738
-15.8462
-15.9835
-16.1322
-16.2931
-16.4673
-16.656
-16.8602
-17.0813
-17.3206
-17.5798
-17.8603
-18.164
-18.4929
-18.8489
-19.2343
-19.6515
-20.1032
-20.5923
-21.1218
-21.695
-22.3155
-22.9874
-23.7147
-24.5021
-25.3546
-26.2774
-27.2765
-28.3581
-29.5291
-30.7967
-17.3451
-17.4758
-17.6173
-17.7706
-17.9364
-18.116
-18.3105
-18.5209
-18.7488
-18.9956
-19.2627
-19.5518
-19.8649
-20.2039
-20.5708
-20.9681
-21.3981
-21.8638
-22.3679
-22.9136
-23.5044
-24.1441
-24.8366
-25.5863
-26.3979
-27.2765
-28.2278
-29.2575
-30.3724
-31.5792
-18.9677
-19.0913
-19.2252
-19.37
-19.5269
-19.6967
-19.8805
-20.0795
-20.295
-20.5283
-20.7809
-21.0543
-21.3503
-21.6708
-22.0177
-22.3933
-22.8
-23.2403
-23.7169
-24.2329
-24.7916
-25.3963
-26.0511
-26.76
-27.5274
-28.3581
-29.2575
-30.2312
-31.2853
-32.4264
-20.7244
-20.8403
-20.9658
-21.1016
-21.2487
-21.4079
-21.5803
-21.7669
-21.9689
-22.1876
-22.4244
-22.6808
-22.9584
-23.2588
-23.5842
-23.9363
-24.3176
-24.7304
-25.1773
-25.6612
-26.185
-26.752
-27.3659
-28.0306
-28.7501
-29.5291
-30.3724
-31.2853
-32.2736
-33.3436
-22.6262
-22.7337
-22.8501
-22.9762
-23.1127
-23.2604
-23.4204
-23.5935
-23.781
-23.984
-24.2037
-24.4417
-24.6992
-24.9781
-25.2799
-25.6068
-25.9606
-26.3437
-26.7584
-27.2074
-27.6934
-28.2197
-28.7894
-29.4061
-30.0738
-30.7967
-31.5792
-32.4264
-33.3436
-34.3364
-25.1341
-25.2548
-25.3852
-25.5261
-25.6783
-25.8427
-26.0202
-26.2118
-26.4186
-26.6417
-26.8823
-27.1417
-27.4213
-27.7224
-28.0465
-28.3953
-28.7703
-29.1733
-29.6058
-30.0698
-30.5669
-31.0989
-31.6675
-32.2743
-32.9209
-33.6085
-34.3381
-35.1106
-35.9262
-36.7847
-28.0932
-28.2485
-28.4158
-28.5962
-28.7904
-28.9995
-29.2245
-29.4665
-29.7264
-30.0055
-30.305
-30.6259
-30.9695
-31.3368
-31.7291
-32.1473
-32.5923
-33.065
-33.5658
-34.0949
-34.6524
-35.2374
-35.8489
-36.4847
-37.1421
-37.8168
-38.5034
-39.1946
-39.8815
-40.5526
-31.0532
-31.243
-31.4473
-31.6671
-31.9034
-32.1572
-32.4297
-32.7219
-33.035
-33.3702
-33.7284
-34.1108
-34.5184
-34.952
-35.4124
-35.9
-36.4151
-36.9574
-37.5265
-38.1208
-38.7386
-39.3767
-40.031
-40.696
-41.3641
-42.0259
-42.6695
-43.2796
-43.8378
-44.3213
-34.0137
-34.2381
-34.4793
-34.7386
-35.0169
-35.3154
-35.6354
-35.9779
-36.3442
-36.7353
-37.1524
-37.5963
-38.0679
-38.5678
-39.0963
-39.6533
-40.2384
-40.8505
-41.4877
-42.1473
-42.8254
-43.5166
-44.2138
-44.9078
-45.5867
-46.2357
-46.8362
-47.3652
-47.7946
-48.0906
-36.7847
-35.9262
-35.1106
-34.3381
-33.6085
-32.9209
-32.2743
-31.6675
-31.0989
-30.5669
-30.0698
-29.6058
-29.1733
-28.7703
-28.3953
-28.0465
-27.7224
-27.4213
-27.1417
-26.8823
-26.6417
-26.4186
-26.2118
-26.0202
-25.8427
-25.6783
-25.5261
-25.3852
-25.2548
-25.1341
-40.5526
-39.8815
-39.1946
-38.5034
-37.8168
-37.1421
-36.4847
-35.8489
-35.2374
-34.6524
-34.0949
-33.5658
-33.065
-32.5923
-32.1473
-31.7291
-31.3368
-30.9695
-30.6259
-30.305
-30.0055
-29.7264
-29.4665
-29.2245
-28.9995
-28.7904
-28.5962
-28.4158
-28.2485
-28.0932
-44.3213
-43.8378
-43.2796
-42.6695
-42.0259
-41.3641
-40.696
-40.031
-39.3767
-38.7386
-38.1208
-37.5265
-36.9574
-36.4151
-35.9
-35.4124
-34.952
-34.5184
-34.1108
-33.7284
-33.3702
-33.035
-32.7219
-32.4297
-32.1572
-31.9034
-31.6671
-31.4473
-31.243
-31.0532
-48.0906
-47.7946
-47.3652
-46.8362
-46.2357
-45.5867
-44.9078
-44.2138
-43.5166
-42.8254
-42.1473
-41.4877
-40.8505
-40.2384
-39.6533
-39.0963
-38.5678
-38.0679
-37.5963
-37.1524
-36.7353
-36.3442
-35.9779
-35.6354
-35.3154
-35.0169
-34.7386
-34.4793
-34.2381
-34.0137
-3.68703e-18
0.206402
0.42986
0.671783
0.933698
1.21725
1.52424
1.8566
2.21642
2.60597
3.02771
3.4843
3.97861
4.51377
5.09315
5.72041
6.39949
7.13468
7.93062
8.79232
9.72521
10.7352
11.8286
13.0123
14.2939
15.6813
17.1833
18.8093
20.5697
22.4755
-0.206402
0
0.223458
0.465381
0.727295
1.01085
1.31784
1.6502
2.01001
2.39956
2.8213
3.27789
3.77221
4.30737
4.88675
5.51401
6.19309
6.92828
7.72421
8.58591
9.5188
10.5288
11.6222
12.8059
14.0875
15.4749
16.9769
18.6029
20.3633
22.2691
-0.42986
-0.223458
-5.41704e-18
0.241923
0.503837
0.787394
1.09438
1.42674
1.78656
2.17611
2.59785
3.05443
3.54875
4.08391
4.66329
5.29055
5.96963
6.70482
7.50075
8.36245
9.29535
10.3053
11.3987
12.5825
13.864
15.2514
16.7534
18.3795
20.1398
22.0456
-0.671783
-0.465381
-0.241923
9.29152e-18
0.261914
0.545471
0.852459
1.18481
1.54463
1.93418
2.35592
2.81251
3.30683
3.84199
4.42137
5.04862
5.7277
6.46289
7.25883
8.12053
9.05342
10.0634
11.1568
12.3405
13.6221
15.0095
16.5115
18.1375
19.8979
21.8037
-0.933698
-0.727295
-0.503837
-0.261914
-1.19584e-17
0.283557
0.590545
0.9229
1.28272
1.67227
2.09401
2.5506
3.04491
3.58007
4.15945
4.78671
5.46579
6.20098
6.99692
7.85861
8.7915
9.80147
10.8949
12.0786
13.3601
14.7475
16.2495
17.8756
19.636
21.5417
-1.21725
-1.01085
-0.787394
-0.545471
-0.283557
0
0.306988
0.639343
0.999162
1.38871
1.81045
2.26704
2.76136
3.29652
3.8759
4.50315
5.18223
5.91742
6.71336
7.57505
8.50795
9.51791
10.6113
11.7951
13.0766
14.464
15.966
17.592
19.3524
21.2582
-1.52424
-1.31784
-1.09438
-0.852459
-0.590545
-0.306988
-5.87826e-18
0.332355
0.692174
1.08172
1.50346
1.96005
2.45437
2.98953
3.56891
4.19616
4.87524
5.61043
6.40637
7.26806
8.20096
9.21092
10.3043
11.4881
12.7696
14.157
15.659
17.285
19.0454
20.9512
-1.8566
-1.6502
-1.42674
-1.18481
-0.9229
-0.639343
-0.332355
0
0.359818
0.749369
1.17111
1.6277
2.12201
2.65717
3.23655
3.86381
4.54289
5.27808
6.07401
6.93571
7.8686
8.87856
9.97197
11.1557
12.4372
13.8246
15.3266
16.9527
18.713
20.6188
-2.21642
-2.01001
-1.78656
-1.54463
-1.28272
-0.999162
-0.692174
-0.359818
4.34483e-18
0.389551
0.81129
1.26788
1.76219
2.29736
2.87674
3.50399
4.18307
4.91826
5.71419
6.57589
7.50878
8.51874
9.61215
10.7959
12.0774
13.4648
14.9668
16.5928
18.3532
20.2589
-2.60597
-2.39956
-2.17611
-1.93418
-1.67227
-1.38871
-1.08172
-0.749369
-0.389551
7.47874e-18
0.42174
0.878328
1.37264
1.9078
2.48718
3.11444
3.79352
4.52871
5.32464
6.18634
7.11923
8.12919
9.22259
10.4063
11.6879
13.0752
14.5772
16.2033
17.9636
19.8694
-3.02771
-2.8213
-2.59785
-2.35592
-2.09401
-1.81045
-1.50346
-1.17111
-0.81129
-0.42174
0
0.456588
0.950904
1.48606
2.06544
2.6927
3.37178
4.10697
4.9029
5.7646
6.69749
7.70745
8.80085
9.98459
11.2661
12.6535
14.1555
15.7815
17.5419
19.4476
-3.4843
-3.27789
-3.05443
-2.81251
-2.5506
-2.26704
-1.96005
-1.6277
-1.26788
-0.878328
-0.456588
0
0.494316
1.02948
1.60886
2.23611
2.91519
3.65038
4.44631
5.30801
6.2409
7.25086
8.34426
9.52799
10.8095
12.1969
13.6989
15.3249
17.0853
18.991
-3.97861
-3.77221
-3.54875
-3.30683
-3.04491
-2.76136
-2.45437
-2.12201
-1.76219
-1.37264
-0.950904
-0.494316
1.43774e-17
0.535161
1.11454
1.74179
2.42087
3.15606
3.95199
4.81369
5.74658
6.75654
7.84994
9.03367
10.3152
11.7026
13.2046
14.8306
16.5909
18.4967
-4.51377
-4.30737
-4.08391
-3.84199
-3.58007
-3.29652
-2.98953
-2.65717
-2.29736
-1.9078
-1.48606
-1.02948
-0.535161
8.28049e-18
0.57938
1.20663
1.88571
2.6209
3.41683
4.27853
5.21142
6.22138
7.31478
8.49851
9.78003
11.1674
12.6694
14.2954
16.0558
17.9615
-5.09315
-4.88675
-4.66329
-4.42137
-4.15945
-3.8759
-3.56891
-3.23655
-2.87674
-2.48718
-2.06544
-1.60886
-1.11454
-0.57938
7.16224e-18
0.627252
1.30633
2.04152
2.83745
3.69915
4.63203
5.642
6.7354
7.91912
9.20064
10.588
12.09
13.716
15.4764
17.3821
-5.72041
-5.51401
-5.29055
-5.04862
-4.78671
-4.50315
-4.19616
-3.86381
-3.50399
-3.11444
-2.6927
-2.23611
-1.74179
-1.20663
-0.627252
0
0.67908
1.41427
2.2102
3.07189
4.00478
5.01474
6.10814
7.29187
8.57338
9.96076
11.4627
13.0888
14.8491
16.7548
-6.39949
-6.19309
-5.96963
-5.7277
-5.46579
-5.18223
-4.87524
-4.54289
-4.18307
-3.79352
-3.37178
-2.91519
-2.42087
-1.88571
-1.30633
-0.67908
1.07619e-17
0.735188
1.53112
2.39281
3.3257
4.33566
5.42906
6.61278
7.8943
9.28167
10.7836
12.4097
14.17
16.0757
-7.13468
-6.92828
-6.70482
-6.46289
-6.20098
-5.91742
-5.61043
-5.27808
-4.91826
-4.52871
-4.10697
-3.65038
-3.15606
-2.6209
-2.04152
-1.41427
-0.735188
-1.87018e-17
0.795932
1.65763
2.59051
3.60047
4.69387
5.87759
7.15911
8.54648
10.0484
11.6745
13.4348
15.3405
-7.93062
-7.72421
-7.50075
-7.25883
-6.99692
-6.71336
-6.40637
-6.07401
-5.71419
-5.32464
-4.9029
-4.44631
-3.95199
-3.41683
-2.83745
-2.2102
-1.53112
-0.795932
0
0.861693
1.79458
2.80454
3.89793
5.08166
6.36317
7.75054
9.25251
10.8785
12.6388
14.5445
-8.79232
-8.58591
-8.36245
-8.12053
-7.85861
-7.57505
-7.26806
-6.93571
-6.57589
-6.18634
-5.7646
-5.30801
-4.81369
-4.27853
-3.69915
-3.07189
-2.39281
-1.65763
-0.861693
1.4203e-17
0.932886
1.94284
3.03624
4.21996
5.50147
6.88884
8.3908
10.0168
11.7771
13.6828
-9.72521
-9.5188
-9.29535
-9.05342
-8.7915
-8.50795
-8.20096
-7.8686
-7.50878
-7.11923
-6.69749
-6.2409
-5.74658
-5.21142
-4.63203
-4.00478
-3.3257
-2.59051
-1.79458
-0.932886
1.24205e-17
1.00996
2.10335
3.28708
4.56858
5.95595
7.45791
9.08392
10.8442
12.7499
-10.7352
-10.5288
-10.3053
-10.0634
-9.80147
-9.51791
-9.21092
-8.87856
-8.51874
-8.12919
-7.70745
-7.25086
-6.75654
-6.22138
-5.642
-5.01474
-4.33566
-3.60047
-2.80454
-1.94284
-1.00996
0
1.09339
2.27712
3.55862
4.94599
6.44794
8.07395
9.83424
11.7399
-11.8286
-11.6222
-11.3987
-11.1568
-10.8949
-10.6113
-10.3043
-9.97197
-9.61215
-9.22259
-8.80085
-8.34426
-7.84994
-7.31478
-6.7354
-6.10814
-5.42906
-4.69387
-3.89793
-3.03624
-2.10335
-1.09339
1.9162e-17
1.18372
2.46523
3.85259
5.35454
6.98054
8.74083
10.6465
-13.0123
-12.8059
-12.5825
-12.3405
-12.0786
-11.7951
-11.4881
-11.1557
-10.7959
-10.4063
-9.98459
-9.52799
-9.03367
-8.49851
-7.91912
-7.29187
-6.61278
-5.87759
-5.08166
-4.21996
-3.28708
-2.27712
-1.18372
0
1.2815
2.66886
4.17082
5.79681
7.55709
9.46272
-14.2939
-14.0875
-13.864
-13.6221
-13.3601
-13.0766
-12.7696
-12.4372
-12.0774
-11.6879
-11.2661
-10.8095
-10.3152
-9.78003
-9.20064
-8.57338
-7.8943
-7.15911
-6.36317
-5.50147
-4.56858
-3.55862
-2.46523
-1.2815
2.99964e-17
1.38736
2.88931
4.5153
6.27557
8.18119
-15.6813
-15.4749
-15.2514
-15.0095
-14.7475
-14.464
-14.157
-13.8246
-13.4648
-13.0752
-12.6535
-12.1969
-11.7026
-11.1674
-10.588
-9.96076
-9.28167
-8.54648
-7.75054
-6.88884
-5.95595
-4.94599
-3.85259
-2.66886
-1.38736
0
1.50195
3.12794
4.88821
6.79382
-17.1833
-16.9769
-16.7534
-16.5115
-16.2495
-15.966
-15.659
-15.3266
-14.9668
-14.5772
-14.1555
-13.6989
-13.2046
-12.6694
-12.09
-11.4627
-10.7836
-10.0484
-9.25251
-8.3908
-7.45791
-6.44794
-5.35454
-4.17082
-2.88931
-1.50195
2.3948e-17
1.62599
3.38625
5.29185
-18.8093
-18.6029
-18.3795
-18.1375
-17.8756
-17.592
-17.285
-16.9527
-16.5928
-16.2033
-15.7815
-15.3249
-14.8306
-14.2954
-13.716
-13.0888
-12.4097
-11.6745
-10.8785
-10.0168
-9.08392
-8.07395
-6.98054
-5.79681
-4.5153
-3.12794
-1.62599
-2.16089e-17
1.76026
3.66585
-20.5697
-20.3633
-20.1398
-19.8979
-19.636
-19.3524
-19.0454
-18.713
-18.3532
-17.9636
-17.5419
-17.0853
-16.5909
-16.0558
-15.4764
-14.8491
-14.17
-13.4348
-12.6388
-11.7771
-10.8442
-9.83424
-8.74083
-7.55709
-6.27557
-4.88821
-3.38625
-1.76026
0
1.90559
-22.4755
-22.2691
-22.0456
-21.8037
-21.5417
-21.2582
-20.9512
-20.6188
-20.2589
-19.8694
-19.4476
-18.991
-18.4967
-17.9615
-17.3821
-16.7548
-16.0757
-15.3405
-14.5445
-13.6828
-12.7499
-11.7399
-10.6465
-9.46272
-8.18119
-6.79382
-5.29185
-3.66585
-1.90559
0
-24.9744
-24.7629
-24.5336
-24.2852
-24.0159
-23.724
-23.4075
-23.0644
-22.6924
-22.289
-21.8515
-21.377
-20.8623
-20.304
-19.6981
-19.0407
-18.3274
-17.5531
-16.7127
-15.8005
-14.8102
-13.7351
-12.568
-11.3011
-9.92592
-8.43351
-6.81426
-5.05806
-3.1543
-1.09205
-27.9124
-27.6913
-27.4512
-27.1905
-26.9074
-26.5997
-26.2653
-25.9018
-25.5066
-25.0767
-24.609
-24.1001
-23.5461
-22.9428
-22.2858
-21.5699
-20.7897
-19.9393
-19.0121
-18.0009
-16.8981
-15.6952
-14.3832
-12.9523
-11.3921
-9.69181
-7.83985
-5.82448
-3.6339
-1.25663
-30.8511
-30.6205
-30.3696
-30.0967
-29.7996
-29.4761
-29.1238
-28.7398
-28.3214
-27.865
-27.3671
-26.8237
-26.2304
-25.5822
-24.8739
-24.0996
-23.2526
-22.326
-21.3119
-20.2019
-18.9865
-17.6557
-16.1987
-14.6038
-12.8586
-10.9504
-8.86564
-6.59106
-4.11359
-1.42125
-33.7905
-33.5502
-33.2885
-33.0033
-32.6923
-32.353
-31.9827
-31.5784
-31.1366
-30.6537
-30.1257
-29.5478
-28.9151
-28.2221
-27.4625
-26.6296
-25.7159
-24.7131
-23.6121
-22.4031
-21.0751
-19.6164
-18.0144
-16.2555
-14.3254
-12.2091
-9.89159
-7.35775
-4.59337
-1.58589
1.09205
3.1543
5.05806
6.81426
8.43351
9.92592
11.3011
12.568
13.7351
14.8102
15.8005
16.7127
17.5531
18.3274
19.0407
19.6981
20.304
20.8623
21.377
21.8515
22.289
22.6924
23.0644
23.4075
23.724
24.0159
24.2852
24.5336
24.7629
24.9744
1.25663
3.6339
5.82448
7.83985
9.69181
11.3921
12.9523
14.3832
15.6952
16.8981
18.0009
19.0121
19.9393
20.7897
21.5699
22.2858
22.9428
23.5461
24.1001
24.609
25.0767
25.5066
25.9018
26.2653
26.5997
26.9074
27.1905
27.4512
27.6913
27.9124
1.42125
4.11359
6.59106
8.86564
10.9504
12.8586
14.6038
16.1987
17.6557
18.9865
20.2019
21.3119
22.326
23.2526
24.0996
24.8739
25.5822
26.2304
26.8237
27.3671
27.865
28.3214
28.7398
29.1238
29.4761
29.7996
30.0967
30.3696
30.6205
30.8511
1.58589
4.59337
7.35775
9.89159
12.2091
14.3254
16.2555
18.0144
19.6164
21.0751
22.4031
23.6121
24.7131
25.7159
26.6296
27.4625
28.2221
28.9151
29.5478
30.1257
30.6537
31.1366
31.5784
31.9827
32.353
32.6923
33.0033
33.2885
33.5502
33.7905
