0.19794	-3.68703e-18
0.403909	0.206402
0.626897	0.42986
0.868311	0.671783
1.12967	0.933698
1.41264	1.21725
1.71898	1.52424
2.05063	1.8566
2.4097	2.21642
2.79843	2.60597
3.21928	3.02771
3.67491	3.4843
4.16819	3.97861
4.70222	4.51377
5.28039	5.09315
5.90632	5.72041
6.58398	6.39949
7.31762	7.13468
8.11188	7.93062
8.97177	8.79232
9.9027	9.72521
10.9105	10.7352
12.0017	11.8286
13.1829	13.0123
14.4617	14.2939
15.8462	15.6813
17.3451	17.1833
18.9677	18.8093
20.7244	20.5697
22.6262	22.4755
0.403909	-0.206402
0.608973	0
0.830983	0.223458
1.07134	0.465381
1.33155	0.727295
1.61327	1.01085
1.91827	1.31784
2.24847	1.6502
2.60596	2.01001
2.99299	2.39956
3.41199	2.8213
3.86562	3.27789
4.35673	3.77221
4.88843	4.30737
5.46405	4.88675
6.08724	5.51401
6.76192	6.19309
7.49235	6.92828
8.28313	7.72421
9.13924	8.58591
10.0661	9.5188
11.0695	10.5288
12.1558	11.6222
13.3319	12.8059
14.6051	14.0875
15.9835	15.4749
17.4758	16.9769
19.0913	18.6029
20.8403	20.3633
22.7337	22.2691
0.626897	-0.42986
0.830983	-0.223458
1.05193	-5.41704e-18
1.29114	0.241923
1.55012	0.503837
1.83049	0.787394
2.13404	1.09438
2.46266	1.42674
2.81844	1.78656
3.20362	2.17611
3.62063	2.59785
4.07209	3.05443
4.56086	3.54875
5.09002	4.08391
5.6629	4.66329
6.28311	5.29055
6.95457	5.96963
7.68151	6.70482
8.46852	7.50075
9.32055	8.36245
10.243	9.29535
11.2416	10.3053
12.3227	11.3987
13.4932	12.5825
14.7604	13.864
16.1322	15.2514
17.6173	16.7534
19.2252	18.3795
20.9658	20.1398
22.8501	22.0456
0.868311	-0.671783
1.07134	-0.465381
1.29114	-0.241923
1.52911	9.29152e-18
1.78674	0.261914
2.06566	0.545471
2.36763	0.852459
2.69455	1.18481
3.04848	1.54463
3.43166	1.93418
3.8465	2.35592
4.29563	2.81251
4.78186	3.30683
5.30827	3.84199
5.87817	4.42137
6.49517	5.04862
7.16314	5.7277
7.88631	6.46289
8.66923	7.25883
9.51684	8.12053
10.4345	9.05342
11.4279	10.0634
12.5035	11.1568
13.6678	12.3405
14.9284	13.6221
16.2931	15.0095
17.7706	16.5115
19.37	18.1375
21.1016	19.8979
22.9762	21.8037
1.12967	-0.933698
1.33155	-0.727295
1.55012	-0.503837
1.78674	-0.261914
2.04292	-1.19584e-17
2.32026	0.283557
2.62052	0.590545
2.94559	0.9229
3.29753	1.28272
3.67855	1.67227
4.09104	2.09401
4.53763	2.5506
5.02112	3.04491
5.54455	3.58007
6.11124	4.15945
6.72475	4.78671
7.38895	5.46579
8.10803	6.20098
8.88653	6.99692
9.72935	7.85861
10.6418	8.7915
11.6296	9.80147
12.6991	10.8949
13.8569	12.0786
15.1103	13.3601
16.4673	14.7475
17.9364	16.2495
19.5269	17.8756
21.2487	19.636
23.1127	21.5417
1.41264	-1.21725
1.61327	-1.01085
1.83049	-0.787394
2.06566	-0.545471
2.32026	-0.283557
2.5959	0
2.89431	0.306988
3.21739	0.639343
3.56716	0.999162
3.94583	1.38871
4.35579	1.81045
4.79963	2.26704
5.28014	2.76136
5.80036	3.29652
6.36356	3.8759
6.9733	4.50315
7.63341	5.18223
8.34807	5.91742
9.12178	6.71336
9.95942	7.57505
10.8663	8.50795
11.848	9.51791
12.9109	10.6113
14.0616	11.7951
15.3073	13.0766
16.656	14.464
18.116	15.966
19.6967	17.592
21.4079	19.3524
23.2604	21.2582
1.71898	-1.52424
1.91827	-1.31784
2.13404	-1.09438
2.36763	-0.852459
2.62052	-0.590545
2.89431	-0.306988
3.19073	-5.87826e-18
3.51164	0.332355
3.85907	0.692174
4.2352	1.08172
4.64242	1.50346
5.08328	1.96005
5.56057	2.45437
6.07731	2.98953
6.63673	3.56891
7.24239	4.19616
7.89808	4.87524
8.60795	5.61043
9.37648	6.40637
10.2085	7.26806
11.1093	8.20096
12.0844	9.21092
13.1402	10.3043
14.2832	11.4881
15.5206	12.7696
16.8602	14.157
18.3105	15.659
19.8805	17.285
21.5803	19.0454
23.4204	20.9512
2.05063	-1.8566
2.24847	-1.6502
2.46266	-1.42674
2.69455	-1.18481
2.94559	-0.9229
3.21739	-0.639343
3.51164	-0.332355
3.83021	0
4.1751	0.359818
4.54848	0.749369
4.95273	1.17111
5.39037	1.6277
5.86418	2.12201
6.37714	2.65717
6.93248	3.23655
7.53371	3.86381
8.18462	4.54289
8.8893	5.27808
9.65222	6.07401
10.4782	6.93571
11.3723	7.8686
12.3404	8.87856
13.3885	9.97197
14.5231	11.1557
15.7514	12.4372
17.0813	13.8246
18.5209	15.3266
20.0795	16.9527
21.7669	18.713
23.5935	20.6188
2.4097	-2.21642
2.60596	-2.01001
2.81844	-1.78656
3.04848	-1.54463
3.29753	-1.28272
3.56716	-0.999162
3.85907	-0.692174
4.1751	-0.359818
4.51724	4.34483e-18
4.88765	0.389551
5.28868	0.81129
5.72284	1.26788
6.19287	1.76219
6.70174	2.29736
7.25266	2.87674
7.84911	3.50399
8.49483	4.18307
9.1939	4.91826
9.95074	5.71419
10.7701	6.57589
11.6572	7.50878
12.6175	8.51874
13.6572	9.61215
14.7828	10.7959
16.0014	12.0774
17.3206	13.4648
18.7488	14.9668
20.295	16.5928
21.9689	18.3532
23.781	20.2589
2.79843	-2.60597
2.99299	-2.39956
3.20362	-2.17611
3.43166	-1.93418
3.67855	-1.67227
3.94583	-1.38871
4.2352	-1.08172
4.54848	-0.749369
4.88765	-0.389551
5.25485	7.47874e-18
5.65239	0.42174
6.08277	0.878328
6.54872	1.37264
7.05317	1.9078
7.59931	2.48718
8.19056	3.11444
8.83067	3.79352
9.52367	4.52871
10.2739	5.32464
11.0862	6.18634
11.9655	7.11923
12.9175	8.12919
13.9482	9.22259
15.064	10.4063
16.272	11.6879
17.5798	13.0752
18.9956	14.5772
20.5283	16.2033
22.1876	17.9636
23.984	19.8694
3.21928	-3.02771
3.41199	-2.8213
3.62063	-2.59785
3.8465	-2.35592
4.09104	-2.09401
4.35579	-1.81045
4.64242	-1.50346
4.95273	-1.17111
5.28868	-0.81129
5.65239	-0.42174
6.04615	0
6.47245	0.456588
6.93398	0.950904
7.43364	1.48606
7.97459	2.06544
8.56024	2.6927
9.19427	3.37178
9.88069	4.10697
10.6238	4.9029
11.4284	5.7646
12.2994	6.69749
13.2423	7.70745
14.2632	8.80085
15.3684	9.98459
16.5649	11.2661
17.8603	12.6535
19.2627	14.1555
20.7809	15.7815
22.4244	17.5419
24.2037	19.4476
3.67491	-3.4843
3.86562	-3.27789
4.07209	-3.05443
4.29563	-2.81251
4.53763	-2.5506
4.79963	-2.26704
5.08328	-1.96005
5.39037	-1.6277
5.72284	-1.26788
6.08277	-0.878328
6.47245	-0.456588
6.89433	0
7.35107	0.494316
7.84555	1.02948
8.38088	1.60886
8.96045	2.23611
9.58791	2.91519
10.2672	3.65038
11.0026	4.44631
11.7988	5.30801
12.6608	6.2409
13.594	7.25086
14.6043	8.34426
15.698	9.52799
16.8821	10.8095
18.164	12.1969
19.5518	13.6989
21.0543	15.3249
22.6808	17.0853
24.4417	18.991
4.16819	-3.97861
4.35673	-3.77221
4.56086	-3.54875
4.78186	-3.30683
5.02112	-3.04491
5.28014	-2.76136
5.56057	-2.45437
5.86418	-2.12201
6.19287	-1.76219
6.54872	-1.37264
6.93398	-0.950904
7.35107	-0.494316
7.80263	1.43774e-17
8.29149	0.535161
8.82075	1.11454
9.39374	1.74179
10.0141	2.42087
10.6857	3.15606
11.4127	3.95199
12.1999	4.81369
13.0521	5.74658
13.9747	6.75654
14.9735	7.84994
16.0548	9.03367
17.2255	10.3152
18.4929	11.7026
19.8649	13.2046
21.3503	14.8306
22.9584	16.5909
24.6992	18.4967
4.70222	-4.51377
4.88843	-4.30737
5.09002	-4.08391
5.30827	-3.84199
5.54455	-3.58007
5.80036	-3.29652
6.07731	-2.98953
6.37714	-2.65717
6.70174	-2.29736
7.05317	-1.9078
7.43364	-1.48606
7.84555	-1.02948
8.29149	-0.535161
8.77428	8.28049e-18
9.29696	0.57938
9.86283	1.20663
10.4755	1.88571
11.1387	2.6209
11.8567	3.41683
12.6341	4.27853
13.4757	5.21142
14.3868	6.22138
15.3732	7.31478
16.4411	8.49851
17.5972	9.78003
18.8489	11.1674
20.2039	12.6694
21.6708	14.2954
23.2588	16.0558
24.9781	17.9615
5.28039	-5.09315
5.46405	-4.88675
5.6629	-4.66329
5.87817	-4.42137
6.11124	-4.15945
6.36356	-3.8759
6.63673	-3.56891
6.93248	-3.23655
7.25266	-2.87674
7.59931	-2.48718
7.97459	-2.06544
8.38088	-1.60886
8.82075	-1.11454
9.29696	-0.57938
9.81252	7.16224e-18
10.3707	0.627252
10.975	1.30633
11.6292	2.04152
12.3374	2.83745
13.1042	3.69915
13.9343	4.63203
14.833	5.642
15.806	6.7354
16.8593	7.91912
17.9997	9.20064
19.2343	10.588
20.5708	12.09
22.0177	13.716
23.5842	15.4764
25.2799	17.3821
5.90632	-5.72041
6.08724	-5.51401
6.28311	-5.29055
6.49517	-5.04862
6.72475	-4.78671
6.9733	-4.50315
7.24239	-4.19616
7.53371	-3.86381
7.84911	-3.50399
8.19056	-3.11444
8.56024	-2.6927
8.96045	-2.23611
9.39374	-1.74179
9.86283	-1.20663
10.3707	-0.627252
10.9205	0
11.5157	0.67908
12.1602	1.41427
12.8578	2.2102
13.6131	3.07189
14.4309	4.00478
15.3161	5.01474
16.2745	6.10814
17.3121	7.29187
18.4354	8.57338
19.6515	9.96076
20.9681	11.4627
22.3933	13.0888
23.9363	14.8491
25.6068	16.7548
6.58398	-6.39949
6.76192	-6.19309
6.95457	-5.96963
7.16314	-5.7277
7.38895	-5.46579
7.63341	-5.18223
7.89808	-4.87524
8.18462	-4.54289
8.49483	-4.18307
8.83067	-3.79352
9.19427	-3.37178
9.58791	-2.91519
10.0141	-2.42087
10.4755	-1.88571
10.975	-1.30633
11.5157	-0.67908
12.1012	1.07619e-17
12.735	0.735188
13.4212	1.53112
14.1641	2.39281
14.9684	3.3257
15.8391	4.33566
16.7818	5.42906
17.8023	6.61278
18.9071	7.8943
20.1032	9.28167
21.3981	10.7836
22.8	12.4097
24.3176	14.17
25.9606	16.0757
7.31762	-7.13468
7.49235	-6.92828
7.68151	-6.70482
7.88631	-6.46289
8.10803	-6.20098
8.34807	-5.91742
8.60795	-5.61043
8.8893	-5.27808
9.1939	-4.91826
9.52367	-4.52871
9.88069	-4.10697
10.2672	-3.65038
10.6857	-3.15606
11.1387	-2.6209
11.6292	-2.04152
12.1602	-1.41427
12.735	-0.735188
13.3574	-1.87018e-17
14.0312	0.795932
14.7606	1.65763
15.5504	2.59051
16.4053	3.60047
17.3309	4.69387
18.333	5.87759
19.4178	7.15911
20.5923	8.54648
21.8638	10.0484
23.2403	11.6745
24.7304	13.4348
26.3437	15.3405
8.11188	-7.93062
8.28313	-7.72421
8.46852	-7.50075
8.66923	-7.25883
8.88653	-6.99692
9.12178	-6.71336
9.37648	-6.40637
9.65222	-6.07401
9.95074	-5.71419
10.2739	-5.32464
10.6238	-4.9029
11.0026	-4.44631
11.4127	-3.95199
11.8567	-3.41683
12.3374	-2.83745
12.8578	-2.2102
13.4212	-1.53112
14.0312	-0.795932
14.6915	0
15.4064	0.861693
16.1804	1.79458
17.0183	2.80454
17.9254	3.89793
18.9075	5.08166
19.9707	6.36317
21.1218	7.75054
22.3679	9.25251
23.7169	10.8785
25.1773	12.6388
26.7584	14.5445
8.97177	-8.79232
9.13924	-8.58591
9.32055	-8.36245
9.51684	-8.12053
9.72935	-7.85861
9.95942	-7.57505
10.2085	-7.26806
10.4782	-6.93571
10.7701	-6.57589
11.0862	-6.18634
11.4284	-5.7646
11.7988	-5.30801
12.1999	-4.81369
12.6341	-4.27853
13.1042	-3.69915
13.6131	-3.07189
14.1641	-2.39281
14.7606	-1.65763
15.4064	-0.861693
16.1056	1.4203e-17
16.8625	0.932886
17.6819	1.94284
18.5691	3.03624
19.5295	4.21996
20.5693	5.50147
21.695	6.88884
22.9136	8.3908
24.2329	10.0168
25.6612	11.7771
27.2074	13.6828
9.9027	-9.72521
10.0661	-9.5188
10.243	-9.29535
10.4345	-9.05342
10.6418	-8.7915
10.8663	-8.50795
11.1093	-8.20096
11.3723	-7.8686
11.6572	-7.50878
11.9655	-7.11923
12.2994	-6.69749
12.6608	-6.2409
13.0521	-5.74658
13.4757	-5.21142
13.9343	-4.63203
14.4309	-4.00478
14.9684	-3.3257
15.5504	-2.59051
16.1804	-1.79458
16.8625	-0.932886
17.6009	1.24205e-17
18.4004	1.00996
19.2659	2.10335
20.2029	3.28708
21.2173	4.56858
22.3155	5.95595
23.5044	7.45791
24.7916	9.08392
26.185	10.8442
27.6934	12.7499
10.9105	-10.7352
11.0695	-10.5288
11.2416	-10.3053
11.4279	-10.0634
11.6296	-9.80147
11.848	-9.51791
12.0844	-9.21092
12.3404	-8.87856
12.6175	-8.51874
12.9175	-8.12919
13.2423	-7.70745
13.594	-7.25086
13.9747	-6.75654
14.3868	-6.22138
14.833	-5.642
15.3161	-5.01474
15.8391	-4.33566
16.4053	-3.60047
17.0183	-2.80454
17.6819	-1.94284
18.4004	-1.00996
19.1782	0
20.0203	1.09339
20.9319	2.27712
21.9189	3.55862
22.9874	4.94599
24.1441	6.44794
25.3963	8.07395
26.752	9.83424
28.2197	11.7399
12.0017	-11.8286
12.1558	-11.6222
12.3227	-11.3987
12.5035	-11.1568
12.6991	-10.8949
12.9109	-10.6113
13.1402	-10.3043
13.3885	-9.97197
13.6572	-9.61215
13.9482	-9.22259
14.2632	-8.80085
14.6043	-8.34426
14.9735	-7.84994
15.3732	-7.31478
15.806	-6.7354
16.2745	-6.10814
16.7818	-5.42906
17.3309	-4.69387
17.9254	-3.89793
18.5691	-3.03624
19.2659	-2.10335
20.0203	-1.09339
20.837	1.9162e-17
21.7212	1.18372
22.6784	2.46523
23.7147	3.85259
24.8366	5.35454
26.0511	6.98054
27.3659	8.74083
28.7894	10.6465
13.1829	-13.0123
13.3319	-12.8059
13.4932	-12.5825
13.6678	-12.3405
13.8569	-12.0786
14.0616	-11.7951
14.2832	-11.4881
14.5231	-11.1557
14.7828	-10.7959
15.064	-10.4063
15.3684	-9.98459
15.698	-9.52799
16.0548	-9.03367
16.4411	-8.49851
16.8593	-7.91912
17.3121	-7.29187
17.8023	-6.61278
18.333	-5.87759
18.9075	-5.08166
19.5295	-4.21996
20.2029	-3.28708
20.9319	-2.27712
21.7212	-1.18372
22.5756	0
23.5007	1.2815
24.5021	2.66886
25.5863	4.17082
26.76	5.79681
28.0306	7.55709
29.4061	9.46272
14.4617	-14.2939
14.6051	-14.0875
14.7604	-13.864
14.9284	-13.6221
15.1103	-13.3601
15.3073	-13.0766
15.5206	-12.7696
15.7514	-12.4372
16.0014	-12.0774
16.272	-11.6879
16.5649	-11.2661
16.8821	-10.8095
17.2255	-10.3152
17.5972	-9.78003
17.9997	-9.20064
18.4354	-8.57338
18.9071	-7.8943
19.4178	-7.15911
19.9707	-6.36317
20.5693	-5.50147
21.2173	-4.56858
21.9189	-3.55862
22.6784	-2.46523
23.5007	-1.2815
24.3908	2.99964e-17
25.3546	1.38736
26.3979	2.88931
27.5274	4.5153
28.7501	6.27557
30.0738	8.18119
15.8462	-15.6813
15.9835	-15.4749
16.1322	-15.2514
16.2931	-15.0095
16.4673	-14.7475
16.656	-14.464
16.8602	-14.157
17.0813	-13.8246
17.3206	-13.4648
17.5798	-13.0752
17.8603	-12.6535
18.164	-12.1969
18.4929	-11.7026
18.8489	-11.1674
19.2343	-10.588
19.6515	-9.96076
20.1032	-9.28167
20.5923	-8.54648
21.1218	-7.75054
21.695	-6.88884
22.3155	-5.95595
22.9874	-4.94599
23.7147	-3.85259
24.5021	-2.66886
25.3546	-1.38736
26.2774	0
27.2765	1.50195
28.3581	3.12794
29.5291	4.88821
30.7967	6.79382
17.3451	-17.1833
17.4758	-16.9769
17.6173	-16.7534
17.7706	-16.5115
17.9364	-16.2495
18.116	-15.966
18.3105	-15.659
18.5209	-15.3266
18.7488	-14.9668
18.9956	-14.5772
19.2627	-14.1555
19.5518	-13.6989
19.8649	-13.2046
20.2039	-12.6694
20.5708	-12.09
20.9681	-11.4627
21.3981	-10.7836
21.8638	-10.0484
22.3679	-9.25251
22.9136	-8.3908
23.5044	-7.45791
24.1441	-6.44794
24.8366	-5.35454
25.5863	-4.17082
26.3979	-2.88931
27.2765	-1.50195
28.2278	2.3948e-17
29.2575	1.62599
30.3724	3.38625
31.5792	5.29185
18.9677	-18.8093
19.0913	-18.6029
19.2252	-18.3795
19.37	-18.1375
19.5269	-17.8756
19.6967	-17.592
19.8805	-17.285
20.0795	-16.9527
20.295	-16.5928
20.5283	-16.2033
20.7809	-15.7815
21.0543	-15.3249
21.3503	-14.8306
21.6708	-14.2954
22.0177	-13.716
22.3933	-13.0888
22.8	-12.4097
23.2403	-11.6745
23.7169	-10.8785
24.2329	-10.0168
24.7916	-9.08392
25.3963	-8.07395
26.0511	-6.98054
26.76	-5.79681
27.5274	-4.5153
28.3581	-3.12794
29.2575	-1.62599
30.2312	-2.16089e-17
31.2853	1.76026
32.4264	3.66585
20.7244	-20.5697
20.8403	-20.3633
20.9658	-20.1398
21.1016	-19.8979
21.2487	-19.636
21.4079	-19.3524
21.5803	-19.0454
21.7669	-18.713
21.9689	-18.3532
22.1876	-17.9636
22.4244	-17.5419
22.6808	-17.0853
22.9584	-16.5909
23.2588	-16.0558
23.5842	-15.4764
23.9363	-14.8491
24.3176	-14.17
24.7304	-13.4348
25.1773	-12.6388
25.6612	-11.7771
26.185	-10.8442
26.752	-9.83424
27.3659	-8.74083
28.0306	-7.55709
28.7501	-6.27557
29.5291	-4.88821
30.3724	-3.38625
31.2853	-1.76026
32.2736	0
33.3436	1.90559
22.6262	-22.4755
22.7337	-22.2691
22.8501	-22.0456
22.9762	-21.8037
23.1127	-21.5417
23.2604	-21.2582
23.4204	-20.9512
23.5935	-20.6188
23.781	-20.2589
23.984	-19.8694
24.2037	-19.4476
24.4417	-18.991
24.6992	-18.4967
24.9781	-17.9615
25.2799	-17.3821
25.6068	-16.7548
25.9606	-16.0757
26.3437	-15.3405
26.7584	-14.5445
27.2074	-13.6828
27.6934	-12.7499
28.2197	-11.7399
28.7894	-10.6465
29.4061	-9.46272
30.0738	-8.18119
30.7967	-6.79382
31.5792	-5.29185
32.4264	-3.66585
33.3436	-1.90559
34.3364	0
25.1341	-24.9744
25.2548	-24.7629
25.3852	-24.5336
25.5261	-24.2852
25.6783	-24.0159
25.8427	-23.724
26.0202	-23.4075
26.2118	-23.0644
26.4186	-22.6924
26.6417	-22.289
26.8823	-21.8515
27.1417	-21.377
27.4213	-20.8623
27.7224	-20.304
28.0465	-19.6981
28.3953	-19.0407
28.7703	-18.3274
29.1733	-17.5531
29.6058	-16.7127
30.0698	-15.8005
30.5669	-14.8102
31.0989	-13.7351
31.6675	-12.568
32.2743	-11.3011
32.9209	-9.92592
33.6085	-8.43351
34.3381	-6.81426
35.1106	-5.05806
35.9262	-3.1543
36.7847	-1.09205
28.0932	-27.9124
28.2485	-27.6913
28.4158	-27.4512
28.5962	-27.1905
28.7904	-26.9074
28.9995	-26.5997
29.2245	-26.2653
29.4665	-25.9018
29.7264	-25.5066
30.0055	-25.0767
30.305	-24.609
30.6259	-24.1001
30.9695	-23.5461
31.3368	-22.9428
31.7291	-22.2858
32.1473	-21.5699
32.5923	-20.7897
33.065	-19.9393
33.5658	-19.0121
34.0949	-18.0009
34.6524	-16.8981
35.2374	-15.6952
35.8489	-14.3832
36.4847	-12.9523
37.1421	-11.3921
37.8168	-9.69181
38.5034	-7.83985
39.1946	-5.82448
39.8815	-3.6339
40.5526	-1.25663
31.0532	-30.8511
31.243	-30.6205
31.4473	-30.3696
31.6671	-30.0967
31.9034	-29.7996
32.1572	-29.4761
32.4297	-29.1238
32.7219	-28.7398
33.035	-28.3214
33.3702	-27.865
33.7284	-27.3671
34.1108	-26.8237
34.5184	-26.2304
34.952	-25.5822
35.4124	-24.8739
35.9	-24.0996
36.4151	-23.2526
36.9574	-22.326
37.5265	-21.3119
38.1208	-20.2019
38.7386	-18.9865
39.3767	-17.6557
40.031	-16.1987
40.696	-14.6038
41.3641	-12.8586
42.0259	-10.9504
42.6695	-8.86564
43.2796	-6.59106
43.8378	-4.11359
44.3213	-1.42125
34.0137	-33.7905
34.2381	-33.5502
34.4793	-33.2885
34.7386	-33.0033
35.0169	-32.6923
35.3154	-32.353
35.6354	-31.9827
35.9779	-31.5784
36.3442	-31.1366
36.7353	-30.6537
37.1524	-30.1257
37.5963	-29.5478
38.0679	-28.9151
38.5678	-28.2221
39.0963	-27.4625
39.6533	-26.6296
40.2384	-25.7159
40.8505	-24.7131
41.4877	-23.6121
42.1473	-22.4031
42.8254	-21.0751
43.5166	-19.6164
44.2138	-18.0144
44.9078	-16.2555
45.5867	-14.3254
46.2357	-12.2091
46.8362	-9.89159
47.3652	-7.35775
47.7946	-4.59337
48.0906	-1.58589
36.7847	1.09205
35.9262	3.1543
35.1106	5.05806
34.3381	6.81426
33.6085	8.43351
32.9209	9.92592
32.2743	11.3011
31.6675	12.568
31.0989	13.7351
30.5669	14.8102
30.0698	15.8005
29.6058	16.7127
29.1733	17.5531
28.7703	18.3274
28.3953	19.0407
28.0465	19.6981
27.7224	20.304
27.4213	20.8623
27.1417	21.377
26.8823	21.8515
26.6417	22.289
26.4186	22.6924
26.2118	23.0644
26.0202	23.4075
25.8427	23.724
25.6783	24.0159
25.5261	24.2852
25.3852	24.5336
25.2548	24.7629
25.1341	24.9744
40.5526	1.25663
39.8815	3.6339
39.1946	5.82448
38.5034	7.83985
37.8168	9.69181
37.1421	11.3921
36.4847	12.9523
35.8489	14.3832
35.2374	15.6952
34.6524	16.8981
34.0949	18.0009
33.5658	19.0121
33.065	19.9393
32.5923	20.7897
32.1473	21.5699
31.7291	22.2858
31.3368	22.9428
30.9695	23.5461
30.6259	24.1001
30.305	24.609
30.0055	25.0767
29.7264	25.5066
29.4665	25.9018
29.2245	26.2653
28.9995	26.5997
28.7904	26.9074
28.5962	27.1905
28.4158	27.4512
28.2485	27.6913
28.0932	27.9124
44.3213	1.42125
43.8378	4.11359
43.2796	6.59106
42.6695	8.86564
42.0259	10.9504
41.3641	12.8586
40.696	14.6038
40.031	16.1987
39.3767	17.6557
38.7386	18.9865
38.1208	20.2019
37.5265	21.3119
36.9574	22.326
36.4151	23.2526
35.9	24.0996
35.4124	24.8739
34.952	25.5822
34.5184	26.2304
34.1108	26.8237
33.7284	27.3671
33.3702	27.865
33.035	28.3214
32.7219	28.7398
32.4297	29.1238
32.1572	29.4761
31.9034	29.7996
31.6671	30.0967
31.4473	30.3696
31.243	30.6205
31.0532	30.8511
48.0906	1.58589
47.7946	4.59337
47.3652	7.35775
46.8362	9.89159
46.2357	12.2091
45.5867	14.3254
44.9078	16.2555
44.2138	18.0144
43.5166	19.6164
42.8254	21.0751
42.1473	22.4031
41.4877	23.6121
40.8505	24.7131
40.2384	25.7159
39.6533	26.6296
39.0963	27.4625
38.5678	28.2221
38.0679	28.9151
37.5963	29.5478
37.1524	30.1257
36.7353	30.6537
36.3442	31.1366
35.9779	31.5784
35.6354	31.9827
35.3154	32.353
35.0169	32.6923
34.7386	33.0033
34.4793	33.2885
34.2381	33.5502
34.0137	33.7905
3.68703e-18	0.19794
-0.206402	0.403909
-0.42986	0.626897
-0.671783	0.868311
-0.933698	1.12967
-1.21725	1.41264
-1.52424	1.71898
-1.8566	2.05063
-2.21642	2.4097
-2.60597	2.79843
-3.02771	3.21928
-3.4843	3.67491
-3.97861	4.16819
-4.51377	4.70222
-5.09315	5.28039
-5.72041	5.90632
-6.39949	6.58398
-7.13468	7.31762
-7.93062	8.11188
-8.79232	8.97177
-9.72521	9.9027
-10.7352	10.9105
-11.8286	12.0017
-13.0123	13.1829
-14.2939	14.4617
-15.6813	15.8462
-17.1833	17.3451
-18.8093	18.9677
-20.5697	20.7244
-22.4755	22.6262
0.206402	0.403909
0	0.608973
-0.223458	0.830983
-0.465381	1.07134
-0.727295	1.33155
-1.01085	1.61327
-1.31784	1.91827
-1.6502	2.24847
-2.01001	2.60596
-2.39956	2.99299
-2.8213	3.41199
-3.27789	3.86562
-3.77221	4.35673
-4.30737	4.88843
-4.88675	5.46405
-5.51401	6.08724
-6.19309	6.76192
-6.92828	7.49235
-7.72421	8.28313
-8.58591	9.13924
-9.5188	10.0661
-10.5288	11.0695
-11.6222	12.1558
-12.8059	13.3319
-14.0875	14.6051
-15.4749	15.9835
-16.9769	17.4758
-18.6029	19.0913
-20.3633	20.8403
-22.2691	22.7337
0.42986	0.626897
0.223458	0.830983
5.41704e-18	1.05193
-0.241923	1.29114
-0.503837	1.55012
-0.787394	1.83049
-1.09438	2.13404
-1.42674	2.46266
-1.78656	2.81844
-2.17611	3.20362
-2.59785	3.62063
-3.05443	4.07209
-3.54875	4.56086
-4.08391	5.09002
-4.66329	5.6629
-5.29055	6.28311
-5.96963	6.95457
-6.70482	7.68151
-7.50075	8.46852
-8.36245	9.32055
-9.29535	10.243
-10.3053	11.2416
-11.3987	12.3227
-12.5825	13.4932
-13.864	14.7604
-15.2514	16.1322
-16.7534	17.6173
-18.3795	19.2252
-20.1398	20.9658
-22.0456	22.8501
0.671783	0.868311
0.465381	1.07134
0.241923	1.29114
-9.29152e-18	1.52911
-0.261914	1.78674
-0.545471	2.06566
-0.852459	2.36763
-1.18481	2.69455
-1.54463	3.04848
-1.93418	3.43166
-2.35592	3.8465
-2.81251	4.29563
-3.30683	4.78186
-3.84199	5.30827
-4.42137	5.87817
-5.04862	6.49517
-5.7277	7.16314
-6.46289	7.88631
-7.25883	8.66923
-8.12053	9.51684
-9.05342	10.4345
-10.0634	11.4279
-11.1568	12.5035
-12.3405	13.6678
-13.6221	14.9284
-15.0095	16.2931
-16.5115	17.7706
-18.1375	19.37
-19.8979	21.1016
-21.8037	22.9762
0.933698	1.12967
0.727295	1.33155
0.503837	1.55012
0.261914	1.78674
1.19584e-17	2.04292
-0.283557	2.32026
-0.590545	2.62052
-0.9229	2.94559
-1.28272	3.29753
-1.67227	3.67855
-2.09401	4.09104
-2.5506	4.53763
-3.04491	5.02112
-3.58007	5.54455
-4.15945	6.11124
-4.78671	6.72475
-5.46579	7.38895
-6.20098	8.10803
-6.99692	8.88653
-7.85861	9.72935
-8.7915	10.6418
-9.80147	11.6296
-10.8949	12.6991
-12.0786	13.8569
-13.3601	15.1103
-14.7475	16.4673
-16.2495	17.9364
-17.8756	19.5269
-19.636	21.2487
-21.5417	23.1127
1.21725	1.41264
1.01085	1.61327
0.787394	1.83049
0.545471	2.06566
0.283557	2.32026
0	2.5959
-0.306988	2.89431
-0.639343	3.21739
-0.999162	3.56716
-1.38871	3.94583
-1.81045	4.35579
-2.26704	4.79963
-2.76136	5.28014
-3.29652	5.80036
-3.8759	6.36356
-4.50315	6.9733
-5.18223	7.63341
-5.91742	8.34807
-6.71336	9.12178
-7.57505	9.95942
-8.50795	10.8663
-9.51791	11.848
-10.6113	12.9109
-11.7951	14.0616
-13.0766	15.3073
-14.464	16.656
-15.966	18.116
-17.592	19.6967
-19.3524	21.4079
-21.2582	23.2604
1.52424	1.71898
1.31784	1.91827
1.09438	2.13404
0.852459	2.36763
0.590545	2.62052
0.306988	2.89431
5.87826e-18	3.19073
-0.332355	3.51164
-0.692174	3.85907
-1.08172	4.2352
-1.50346	4.64242
-1.96005	5.08328
-2.45437	5.56057
-2.98953	6.07731
-3.56891	6.63673
-4.19616	7.24239
-4.87524	7.89808
-5.61043	8.60795
-6.40637	9.37648
-7.26806	10.2085
-8.20096	11.1093
-9.21092	12.0844
-10.3043	13.1402
-11.4881	14.2832
-12.7696	15.5206
-14.157	16.8602
-15.659	18.3105
-17.285	19.8805
-19.0454	21.5803
-20.9512	23.4204
1.8566	2.05063
1.6502	2.24847
1.42674	2.46266
1.18481	2.69455
0.9229	2.94559
0.639343	3.21739
0.332355	3.51164
0	3.83021
-0.359818	4.1751
-0.749369	4.54848
-1.17111	4.95273
-1.6277	5.39037
-2.12201	5.86418
-2.65717	6.37714
-3.23655	6.93248
-3.86381	7.53371
-4.54289	8.18462
-5.27808	8.8893
-6.07401	9.65222
-6.93571	10.4782
-7.8686	11.3723
-8.87856	12.3404
-9.97197	13.3885
-11.1557	14.5231
-12.4372	15.7514
-13.8246	17.0813
-15.3266	18.5209
-16.9527	20.0795
-18.713	21.7669
-20.6188	23.5935
2.21642	2.4097
2.01001	2.60596
1.78656	2.81844
1.54463	3.04848
1.28272	3.29753
0.999162	3.56716
0.692174	3.85907
0.359818	4.1751
-4.34483e-18	4.51724
-0.389551	4.88765
-0.81129	5.28868
-1.26788	5.72284
-1.76219	6.19287
-2.29736	6.70174
-2.87674	7.25266
-3.50399	7.84911
-4.18307	8.49483
-4.91826	9.1939
-5.71419	9.95074
-6.57589	10.7701
-7.50878	11.6572
-8.51874	12.6175
-9.61215	13.6572
-10.7959	14.7828
-12.0774	16.0014
-13.4648	17.3206
-14.9668	18.7488
-16.5928	20.295
-18.3532	21.9689
-20.2589	23.781
2.60597	2.79843
2.39956	2.99299
2.17611	3.20362
1.93418	3.43166
1.67227	3.67855
1.38871	3.94583
1.08172	4.2352
0.749369	4.54848
0.389551	4.88765
-7.47874e-18	5.25485
-0.42174	5.65239
-0.878328	6.08277
-1.37264	6.54872
-1.9078	7.05317
-2.48718	7.59931
-3.11444	8.19056
-3.79352	8.83067
-4.52871	9.52367
-5.32464	10.2739
-6.18634	11.0862
-7.11923	11.9655
-8.12919	12.9175
-9.22259	13.9482
-10.4063	15.064
-11.6879	16.272
-13.0752	17.5798
-14.5772	18.9956
-16.2033	20.5283
-17.9636	22.1876
-19.8694	23.984
3.02771	3.21928
2.8213	3.41199
2.59785	3.62063
2.35592	3.8465
2.09401	4.09104
1.81045	4.35579
1.50346	4.64242
1.17111	4.95273
0.81129	5.28868
0.42174	5.65239
0	6.04615
-0.456588	6.47245
-0.950904	6.93398
-1.48606	7.43364
-2.06544	7.97459
-2.6927	8.56024
-3.37178	9.19427
-4.10697	9.88069
-4.9029	10.6238
-5.7646	11.4284
-6.69749	12.2994
-7.70745	13.2423
-8.80085	14.2632
-9.98459	15.3684
-11.2661	16.5649
-12.6535	17.8603
-14.1555	19.2627
-15.7815	20.7809
-17.5419	22.4244
-19.4476	24.2037
3.4843	3.67491
3.27789	3.86562
3.05443	4.07209
2.81251	4.29563
2.5506	4.53763
2.26704	4.79963
1.96005	5.08328
1.6277	5.39037
1.26788	5.72284
0.878328	6.08277
0.456588	6.47245
0	6.89433
-0.494316	7.35107
-1.02948	7.84555
-1.60886	8.38088
-2.23611	8.96045
-2.91519	9.58791
-3.65038	10.2672
-4.44631	11.0026
-5.30801	11.7988
-6.2409	12.6608
-7.25086	13.594
-8.34426	14.6043
-9.52799	15.698
-10.8095	16.8821
-12.1969	18.164
-13.6989	19.5518
-15.3249	21.0543
-17.0853	22.6808
-18.991	24.4417
3.97861	4.16819
3.77221	4.35673
3.54875	4.56086
3.30683	4.78186
3.04491	5.02112
2.76136	5.28014
2.45437	5.56057
2.12201	5.86418
1.76219	6.19287
1.37264	6.54872
0.950904	6.93398
0.494316	7.35107
-1.43774e-17	7.80263
-0.535161	8.29149
-1.11454	8.82075
-1.74179	9.39374
-2.42087	10.0141
-3.15606	10.6857
-3.95199	11.4127
-4.81369	12.1999
-5.74658	13.0521
-6.75654	13.9747
-7.84994	14.9735
-9.03367	16.0548
-10.3152	17.2255
-11.7026	18.4929
-13.2046	19.8649
-14.8306	21.3503
-16.5909	22.9584
-18.4967	24.6992
4.51377	4.70222
4.30737	4.88843
4.08391	5.09002
3.84199	5.30827
3.58007	5.54455
3.29652	5.80036
2.98953	6.07731
2.65717	6.37714
2.29736	6.70174
1.9078	7.05317
1.48606	7.43364
1.02948	7.84555
0.535161	8.29149
-8.28049e-18	8.77428
-0.57938	9.29696
-1.20663	9.86283
-1.88571	10.4755
-2.6209	11.1387
-3.41683	11.8567
-4.27853	12.6341
-5.21142	13.4757
-6.22138	14.3868
-7.31478	15.3732
-8.49851	16.4411
-9.78003	17.5972
-11.1674	18.8489
-12.6694	20.2039
-14.2954	21.6708
-16.0558	23.2588
-17.9615	24.9781
5.09315	5.28039
4.88675	5.46405
4.66329	5.6629
4.42137	5.87817
4.15945	6.11124
3.8759	6.36356
3.56891	6.63673
3.23655	6.93248
2.87674	7.25266
2.48718	7.59931
2.06544	7.97459
1.60886	8.38088
1.11454	8.82075
0.57938	9.29696
-7.16224e-18	9.81252
-0.627252	10.3707
-1.30633	10.975
-2.04152	11.6292
-2.83745	12.3374
-3.69915	13.1042
-4.63203	13.9343
-5.642	14.833
-6.7354	15.806
-7.91912	16.8593
-9.20064	17.9997
-10.588	19.2343
-12.09	20.5708
-13.716	22.0177
-15.4764	23.5842
-17.3821	25.2799
5.72041	5.90632
5.51401	6.08724
5.29055	6.28311
5.04862	6.49517
4.78671	6.72475
4.50315	6.9733
4.19616	7.24239
3.86381	7.53371
3.50399	7.84911
3.11444	8.19056
2.6927	8.56024
2.23611	8.96045
1.74179	9.39374
1.20663	9.86283
0.627252	10.3707
0	10.9205
-0.67908	11.5157
-1.41427	12.1602
-2.2102	12.8578
-3.07189	13.6131
-4.00478	14.4309
-5.01474	15.3161
-6.10814	16.2745
-7.29187	17.3121
-8.57338	18.4354
-9.96076	19.6515
-11.4627	20.9681
-13.0888	22.3933
-14.8491	23.9363
-16.7548	25.6068
6.39949	6.58398
6.19309	6.76192
5.96963	6.95457
5.7277	7.16314
5.46579	7.38895
5.18223	7.63341
4.87524	7.89808
4.54289	8.18462
4.18307	8.49483
3.79352	8.83067
3.37178	9.19427
2.91519	9.58791
2.42087	10.0141
1.88571	10.4755
1.30633	10.975
0.67908	11.5157
-1.07619e-17	12.1012
-0.735188	12.735
-1.53112	13.4212
-2.39281	14.1641
-3.3257	14.9684
-4.33566	15.8391
-5.42906	16.7818
-6.61278	17.8023
-7.8943	18.9071
-9.28167	20.1032
-10.7836	21.3981
-12.4097	22.8
-14.17	24.3176
-16.0757	25.9606
7.13468	7.31762
6.92828	7.49235
6.70482	7.68151
6.46289	7.88631
6.20098	8.10803
5.91742	8.34807
5.61043	8.60795
5.27808	8.8893
4.91826	9.1939
4.52871	9.52367
4.10697	9.88069
3.65038	10.2672
3.15606	10.6857
2.6209	11.1387
2.04152	11.6292
1.41427	12.1602
0.735188	12.735
1.87018e-17	13.3574
-0.795932	14.0312
-1.65763	14.7606
-2.59051	15.5504
-3.60047	16.4053
-4.69387	17.3309
-5.87759	18.333
-7.15911	19.4178
-8.54648	20.5923
-10.0484	21.8638
-11.6745	23.2403
-13.4348	24.7304
-15.3405	26.3437
7.93062	8.11188
7.72421	8.28313
7.50075	8.46852
7.25883	8.66923
6.99692	8.88653
6.71336	9.12178
6.40637	9.37648
6.07401	9.65222
5.71419	9.95074
5.32464	10.2739
4.9029	10.6238
4.44631	11.0026
3.95199	11.4127
3.41683	11.8567
2.83745	12.3374
2.2102	12.8578
1.53112	13.4212
0.795932	14.0312
0	14.6915
-0.861693	15.4064
-1.79458	16.1804
-2.80454	17.0183
-3.89793	17.9254
-5.08166	18.9075
-6.36317	19.9707
-7.75054	21.1218
-9.25251	22.3679
-10.8785	23.7169
-12.6388	25.1773
-14.5445	26.7584
8.79232	8.97177
8.58591	9.13924
8.36245	9.32055
8.12053	9.51684
7.85861	9.72935
7.57505	9.95942
7.26806	10.2085
6.93571	10.4782
6.57589	10.7701
6.18634	11.0862
5.7646	11.4284
5.30801	11.7988
4.81369	12.1999
4.27853	12.6341
3.69915	13.1042
3.07189	13.6131
2.39281	14.1641
1.65763	14.7606
0.861693	15.4064
-1.4203e-17	16.1056
-0.932886	16.8625
-1.94284	17.6819
-3.03624	18.5691
-4.21996	19.5295
-5.50147	20.5693
-6.88884	21.695
-8.3908	22.9136
-10.0168	24.2329
-11.7771	25.6612
-13.6828	27.2074
9.72521	9.9027
9.5188	10.0661
9.29535	10.243
9.05342	10.4345
8.7915	10.6418
8.50795	10.8663
8.20096	11.1093
7.8686	11.3723
7.50878	11.6572
7.11923	11.9655
6.69749	12.2994
6.2409	12.6608
5.74658	13.0521
5.21142	13.4757
4.63203	13.9343
4.00478	14.4309
3.3257	14.9684
2.59051	15.5504
1.79458	16.1804
0.932886	16.8625
-1.24205e-17	17.6009
-1.00996	18.4004
-2.10335	19.2659
-3.28708	20.2029
-4.56858	21.2173
-5.95595	22.3155
-7.45791	23.5044
-9.08392	24.7916
-10.8442	26.185
-12.7499	27.6934
10.7352	10.9105
10.5288	11.0695
10.3053	11.2416
10.0634	11.4279
9.80147	11.6296
9.51791	11.848
9.21092	12.0844
8.87856	12.3404
8.51874	12.6175
8.12919	12.9175
7.70745	13.2423
7.25086	13.594
6.75654	13.9747
6.22138	14.3868
5.642	14.833
5.01474	15.3161
4.33566	15.8391
3.60047	16.4053
2.80454	17.0183
1.94284	17.6819
1.00996	18.4004
0	19.1782
-1.09339	20.0203
-2.27712	20.9319
-3.55862	21.9189
-4.94599	22.9874
-6.44794	24.1441
-8.07395	25.3963
-9.83424	26.752
-11.7399	28.2197
11.8286	12.0017
11.6222	12.1558
11.3987	12.3227
11.1568	12.5035
10.8949	12.6991
10.6113	12.9109
10.3043	13.1402
9.97197	13.3885
9.61215	13.6572
9.22259	13.9482
8.80085	14.2632
8.34426	14.6043
7.84994	14.9735
7.31478	15.3732
6.7354	15.806
6.10814	16.2745
5.42906	16.7818
4.69387	17.3309
3.89793	17.9254
3.03624	18.5691
2.10335	19.2659
1.09339	20.0203
-1.9162e-17	20.837
-1.18372	21.7212
-2.46523	22.6784
-3.85259	23.7147
-5.35454	24.8366
-6.98054	26.0511
-8.74083	27.3659
-10.6465	28.7894
13.0123	13.1829
12.8059	13.3319
12.5825	13.4932
12.3405	13.6678
12.0786	13.8569
11.7951	14.0616
11.4881	14.2832
11.1557	14.5231
10.7959	14.7828
10.4063	15.064
9.98459	15.3684
9.52799	15.698
9.03367	16.0548
8.49851	16.4411
7.91912	16.8593
7.29187	17.3121
6.61278	17.8023
5.87759	18.333
5.08166	18.9075
4.21996	19.5295
3.28708	20.2029
2.27712	20.9319
1.18372	21.7212
0	22.5756
-1.2815	23.5007
-2.66886	24.5021
-4.17082	25.5863
-5.79681	26.76
-7.55709	28.0306
-9.46272	29.4061
14.2939	14.4617
14.0875	14.6051
13.864	14.7604
13.6221	14.9284
13.3601	15.1103
13.0766	15.3073
12.7696	15.5206
12.4372	15.7514
12.0774	16.0014
11.6879	16.272
11.2661	16.5649
10.8095	16.8821
10.3152	17.2255
9.78003	17.5972
9.20064	17.9997
8.57338	18.4354
7.8943	18.9071
7.15911	19.4178
6.36317	19.9707
5.50147	20.5693
4.56858	21.2173
3.55862	21.9189
2.46523	22.6784
1.2815	23.5007
-2.99964e-17	24.3908
-1.38736	25.3546
-2.88931	26.3979
-4.5153	27.5274
-6.27557	28.7501
-8.18119	30.0738
15.6813	15.8462
15.4749	15.9835
15.2514	16.1322
15.0095	16.2931
14.7475	16.4673
14.464	16.656
14.157	16.8602
13.8246	17.0813
13.4648	17.3206
13.0752	17.5798
12.6535	17.8603
12.1969	18.164
11.7026	18.4929
11.1674	18.8489
10.588	19.2343
9.96076	19.6515
9.28167	20.1032
8.54648	20.5923
7.75054	21.1218
6.88884	21.695
5.95595	22.3155
4.94599	22.9874
3.85259	23.7147
2.66886	24.5021
1.38736	25.3546
0	26.2774
-1.50195	27.2765
-3.12794	28.3581
-4.88821	29.5291
-6.79382	30.7967
17.1833	17.3451
16.9769	17.4758
16.7534	17.6173
16.5115	17.7706
16.2495	17.9364
15.966	18.116
15.659	18.3105
15.3266	18.5209
14.9668	18.7488
14.5772	18.9956
14.1555	19.2627
13.6989	19.5518
13.2046	19.8649
12.6694	20.2039
12.09	20.5708
11.4627	20.9681
10.7836	21.3981
10.0484	21.8638
9.25251	22.3679
8.3908	22.9136
7.45791	23.5044
6.44794	24.1441
5.35454	24.8366
4.17082	25.5863
2.88931	26.3979
1.50195	27.2765
-2.3948e-17	28.2278
-1.62599	29.2575
-3.38625	30.3724
-5.29185	31.5792
18.8093	18.9677
18.6029	19.0913
18.3795	19.2252
18.1375	19.37
17.8756	19.5269
17.592	19.6967
17.285	19.8805
16.9527	20.0795
16.5928	20.295
16.2033	20.5283
15.7815	20.7809
15.3249	21.0543
14.8306	21.3503
14.2954	21.6708
13.716	22.0177
13.0888	22.3933
12.4097	22.8
11.6745	23.2403
10.8785	23.7169
10.0168	24.2329
9.08392	24.7916
8.07395	25.3963
6.98054	26.0511
5.79681	26.76
4.5153	27.5274
3.12794	28.3581
1.62599	29.2575
2.16089e-17	30.2312
-1.76026	31.2853
-3.66585	32.4264
20.5697	20.7244
20.3633	20.8403
20.1398	20.9658
19.8979	21.1016
19.636	21.2487
19.3524	21.4079
19.0454	21.5803
18.713	21.7669
18.3532	21.9689
17.9636	22.1876
17.5419	22.4244
17.0853	22.6808
16.5909	22.9584
16.0558	23.2588
15.4764	23.5842
14.8491	23.9363
14.17	24.3176
13.4348	24.7304
12.6388	25.1773
11.7771	25.6612
10.8442	26.185
9.83424	26.752
8.74083	27.3659
7.55709	28.0306
6.27557	28.7501
4.88821	29.5291
3.38625	30.3724
1.76026	31.2853
0	32.2736
-1.90559	33.3436
22.4755	22.6262
22.2691	22.7337
22.0456	22.8501
21.8037	22.9762
21.5417	23.1127
21.2582	23.2604
20.9512	23.4204
20.6188	23.5935
20.2589	23.781
19.8694	23.984
19.4476	24.2037
18.991	24.4417
18.4967	24.6992
17.9615	24.9781
17.3821	25.2799
16.7548	25.6068
16.0757	25.9606
15.3405	26.3437
14.5445	26.7584
13.6828	27.2074
12.7499	27.6934
11.7399	28.2197
10.6465	28.7894
9.46272	29.4061
8.18119	30.0738
6.79382	30.7967
5.29185	31.5792
3.66585	32.4264
1.90559	33.3436
0	34.3364
24.9744	25.1341
24.7629	25.2548
24.5336	25.3852
24.2852	25.5261
24.0159	25.6783
23.724	25.8427
23.4075	26.0202
23.0644	26.2118
22.6924	26.4186
22.289	26.6417
21.8515	26.8823
21.377	27.1417
20.8623	27.4213
20.304	27.7224
19.6981	28.0465
19.0407	28.3953
18.3274	28.7703
17.5531	29.1733
16.7127	29.6058
15.8005	30.0698
14.8102	30.5669
13.7351	31.0989
12.568	31.6675
11.3011	32.2743
9.92592	32.9209
8.43351	33.6085
6.81426	34.3381
5.05806	35.1106
3.1543	35.9262
1.09205	36.7847
27.9124	28.0932
27.6913	28.2485
27.4512	28.4158
27.1905	28.5962
26.9074	28.7904
26.5997	28.9995
26.2653	29.2245
25.9018	29.4665
25.5066	29.7264
25.0767	30.0055
24.609	30.305
24.1001	30.6259
23.5461	30.9695
22.9428	31.3368
22.2858	31.7291
21.5699	32.1473
20.7897	32.5923
19.9393	33.065
19.0121	33.5658
18.0009	34.0949
16.8981	34.6524
15.6952	35.2374
14.3832	35.8489
12.9523	36.4847
11.3921	37.1421
9.69181	37.8168
7.83985	38.5034
5.82448	39.1946
3.6339	39.8815
1.25663	40.5526
30.8511	31.0532
30.6205	31.243
30.3696	31.4473
30.0967	31.6671
29.7996	31.9034
29.4761	32.1572
29.1238	32.4297
28.7398	32.7219
28.3214	33.035
27.865	33.3702
27.3671	33.7284
26.8237	34.1108
26.2304	34.5184
25.5822	34.952
24.8739	35.4124
24.0996	35.9
23.2526	36.4151
22.326	36.9574
21.3119	37.5265
20.2019	38.1208
18.9865	38.7386
17.6557	39.3767
16.1987	40.031
14.6038	40.696
12.8586	41.3641
10.9504	42.0259
8.86564	42.6695
6.59106	43.2796
4.11359	43.8378
1.42125	44.3213
33.7905	34.0137
33.5502	34.2381
33.2885	34.4793
33.0033	34.7386
32.6923	35.0169
32.353	35.3154
31.9827	35.6354
31.5784	35.9779
31.1366	36.3442
30.6537	36.7353
30.1257	37.1524
29.5478	37.5963
28.9151	38.0679
28.2221	38.5678
27.4625	39.0963
26.6296	39.6533
25.7159	40.2384
24.7131	40.8505
23.6121	41.4877
22.4031	42.1473
21.0751	42.8254
19.6164	43.5166
18.0144	44.2138
16.2555	44.9078
14.3254	45.5867
12.2091	46.2357
9.89159	46.8362
7.35775	47.3652
4.59337	47.7946
1.58589	48.0906
-1.09205	36.7847
-3.1543	35.9262
-5.05806	35.1106
-6.81426	34.3381
-8.43351	33.6085
-9.92592	32.9209
-11.3011	32.2743
-12.568	31.6675
-13.7351	31.0989
-14.8102	30.5669
-15.8005	30.0698
-16.7127	29.6058
-17.5531	29.1733
-18.3274	28.7703
-19.0407	28.3953
-19.6981	28.0465
-20.304	27.7224
-20.8623	27.4213
-21.377	27.1417
-21.8515	26.8823
-22.289	26.6417
-22.6924	26.4186
-23.0644	26.2118
-23.4075	26.0202
-23.724	25.8427
-24.0159	25.6783
-24.2852	25.5261
-24.5336	25.3852
-24.7629	25.2548
-24.9744	25.1341
-1.25663	40.5526
-3.6339	39.8815
-5.82448	39.1946
-7.83985	38.5034
-9.69181	37.8168
-11.3921	37.1421
-12.9523	36.4847
-14.3832	35.8489
-15.6952	35.2374
-16.8981	34.6524
-18.0009	34.0949
-19.0121	33.5658
-19.9393	33.065
-20.7897	32.5923
-21.5699	32.1473
-22.2858	31.7291
-22.9428	31.3368
-23.5461	30.9695
-24.1001	30.6259
-24.609	30.305
-25.0767	30.0055
-25.5066	29.7264
-25.9018	29.4665
-26.2653	29.2245
-26.5997	28.9995
-26.9074	28.7904
-27.1905	28.5962
-27.4512	28.4158
-27.6913	28.2485
-27.9124	28.0932
-1.42125	44.3213
-4.11359	43.8378
-6.59106	43.2796
-8.86564	42.6695
-10.9504	42.0259
-12.8586	41.3641
-14.6038	40.696
-16.1987	40.031
-17.6557	39.3767
-18.9865	38.7386
-20.2019	38.1208
-21.3119	37.5265
-22.326	36.9574
-23.2526	36.4151
-24.0996	35.9
-24.8739	35.4124
-25.5822	34.952
-26.2304	34.5184
-26.8237	34.1108
-27.3671	33.7284
-27.865	33.3702
-28.3214	33.035
-28.7398	32.7219
-29.1238	32.4297
-29.4761	32.1572
-29.7996	31.9034
-30.0967	31.6671
-30.3696	31.4473
-30.6205	31.243
-30.8511	31.0532
-1.58589	48.0906
-4.59337	47.7946
-7.35775	47.3652
-9.89159	46.8362
-12.2091	46.2357
-14.3254	45.5867
-16.2555	44.9078
-18.0144	44.2138
-19.6164	43.5166
-21.0751	42.8254
-22.4031	42.1473
-23.6121	41.4877
-24.7131	40.8505
-25.7159	40.2384
-26.6296	39.6533
-27.4625	39.0963
-28.2221	38.5678
-28.9151	38.0679
-29.5478	37.5963
-30.1257	37.1524
-30.6537	36.7353
-31.1366	36.3442
-31.5784	35.9779
-31.9827	35.6354
-32.353	35.3154
-32.6923	35.0169
-33.0033	34.7386
-33.2885	34.4793
-33.5502	34.2381
-33.7905	34.0137
-0.19794	3.68703e-18
-0.403909	-0.206402
-0.626897	-0.42986
-0.868311	-0.671783
-1.12967	-0.933698
-1.41264	-1.21725
-1.71898	-1.52424
-2.05063	-1.8566
-2.4097	-2.21642
-2.79843	-2.60597
-3.21928	-3.02771
-3.67491	-3.4843
-4.16819	-3.97861
-4.70222	-4.51377
-5.28039	-5.09315
-5.90632	-5.72041
-6.58398	-6.39949
-7.31762	-7.13468
-8.11188	-7.93062
-8.97177	-8.79232
-9.9027	-9.72521
-10.9105	-10.7352
-12.0017	-11.8286
-13.1829	-13.0123
-14.4617	-14.2939
-15.8462	-15.6813
-17.3451	-17.1833
-18.9677	-18.8093
-20.7244	-20.5697
-22.6262	-22.4755
-0.403909	0.206402
-0.608973	0
-0.830983	-0.223458
-1.07134	-0.465381
-1.33155	-0.727295
-1.61327	-1.01085
-1.91827	-1.31784
-2.24847	-1.6502
-2.60596	-2.01001
-2.99299	-2.39956
-3.41199	-2.8213
-3.86562	-3.27789
-4.35673	-3.77221
-4.88843	-4.30737
-5.46405	-4.88675
-6.08724	-5.51401
-6.76192	-6.19309
-7.49235	-6.92828
-8.28313	-7.72421
-9.13924	-8.58591
-10.0661	-9.5188
-11.0695	-10.5288
-12.1558	-11.6222
-13.3319	-12.8059
-14.6051	-14.0875
-15.9835	-15.4749
-17.4758	-16.9769
-19.0913	-18.6029
-20.8403	-20.3633
-22.7337	-22.2691
-0.626897	0.42986
-0.830983	0.223458
-1.05193	5.41704e-18
-1.29114	-0.241923
-1.55012	-0.503837
-1.83049	-0.787394
-2.13404	-1.09438
-2.46266	-1.42674
-2.81844	-1.78656
-3.20362	-2.17611
-3.62063	-2.59785
-4.07209	-3.05443
-4.56086	-3.54875
-5.09002	-4.08391
-5.6629	-4.66329
-6.28311	-5.29055
-6.95457	-5.96963
-7.68151	-6.70482
-8.46852	-7.50075
-9.32055	-8.36245
-10.243	-9.29535
-11.2416	-10.3053
-12.3227	-11.3987
-13.4932	-12.5825
-14.7604	-13.864
-16.1322	-15.2514
-17.6173	-16.7534
-19.2252	-18.3795
-20.9658	-20.1398
-22.8501	-22.0456
-0.868311	0.671783
-1.07134	0.465381
-1.29114	0.241923
-1.52911	-9.29152e-18
-1.78674	-0.261914
-2.06566	-0.545471
-2.36763	-0.852459
-2.69455	-1.18481
-3.04848	-1.54463
-3.43166	-1.93418
-3.8465	-2.35592
-4.29563	-2.81251
-4.78186	-3.30683
-5.30827	-3.84199
-5.87817	-4.42137
-6.49517	-5.04862
-7.16314	-5.7277
-7.88631	-6.46289
-8.66923	-7.25883
-9.51684	-8.12053
-10.4345	-9.05342
-11.4279	-10.0634
-12.5035	-11.1568
-13.6678	-12.3405
-14.9284	-13.6221
-16.2931	-15.0095
-17.7706	-16.5115
-19.37	-18.1375
-21.1016	-19.8979
-22.9762	-21.8037
-1.12967	0.933698
-1.33155	0.727295
-1.55012	0.503837
-1.78674	0.261914
-2.04292	1.19584e-17
-2.32026	-0.283557
-2.62052	-0.590545
-2.94559	-0.9229
-3.29753	-1.28272
-3.67855	-1.67227
-4.09104	-2.09401
-4.53763	-2.5506
-5.02112	-3.04491
-5.54455	-3.58007
-6.11124	-4.15945
-6.72475	-4.78671
-7.38895	-5.46579
-8.10803	-6.20098
-8.88653	-6.99692
-9.72935	-7.85861
-10.6418	-8.7915
-11.6296	-9.80147
-12.6991	-10.8949
-13.8569	-12.0786
-15.1103	-13.3601
-16.4673	-14.7475
-17.9364	-16.2495
-19.5269	-17.8756
-21.2487	-19.636
-23.1127	-21.5417
-1.41264	1.21725
-1.61327	1.01085
-1.83049	0.787394
-2.06566	0.545471
-2.32026	0.283557
-2.5959	0
-2.89431	-0.306988
-3.21739	-0.639343
-3.56716	-0.999162
-3.94583	-1.38871
-4.35579	-1.81045
-4.79963	-2.26704
-5.28014	-2.76136
-5.80036	-3.29652
-6.36356	-3.8759
-6.9733	-4.50315
-7.63341	-5.18223
-8.34807	-5.91742
-9.12178	-6.71336
-9.95942	-7.57505
-10.8663	-8.50795
-11.848	-9.51791
-12.9109	-10.6113
-14.0616	-11.7951
-15.3073	-13.0766
-16.656	-14.464
-18.116	-15.966
-19.6967	-17.592
-21.4079	-19.3524
-23.2604	-21.2582
-1.71898	1.52424
-1.91827	1.31784
-2.13404	1.09438
-2.36763	0.852459
-2.62052	0.590545
-2.89431	0.306988
-3.19073	5.87826e-18
-3.51164	-0.332355
-3.85907	-0.692174
-4.2352	-1.08172
-4.64242	-1.50346
-5.08328	-1.96005
-5.56057	-2.45437
-6.07731	-2.98953
-6.63673	-3.56891
-7.24239	-4.19616
-7.89808	-4.87524
-8.60795	-5.61043
-9.37648	-6.40637
-10.2085	-7.26806
-11.1093	-8.20096
-12.0844	-9.21092
-13.1402	-10.3043
-14.2832	-11.4881
-15.5206	-12.7696
-16.8602	-14.157
-18.3105	-15.659
-19.8805	-17.285
-21.5803	-19.0454
-23.4204	-20.9512
-2.05063	1.8566
-2.24847	1.6502
-2.46266	1.42674
-2.69455	1.18481
-2.94559	0.9229
-3.21739	0.639343
-3.51164	0.332355
-3.83021	0
-4.1751	-0.359818
-4.54848	-0.749369
-4.95273	-1.17111
-5.39037	-1.6277
-5.86418	-2.12201
-6.37714	-2.65717
-6.93248	-3.23655
-7.53371	-3.86381
-8.18462	-4.54289
-8.8893	-5.27808
-9.65222	-6.07401
-10.4782	-6.93571
-11.3723	-7.8686
-12.3404	-8.87856
-13.3885	-9.97197
-14.5231	-11.1557
-15.7514	-12.4372
-17.0813	-13.8246
-18.5209	-15.3266
-20.0795	-16.9527
-21.7669	-18.713
-23.5935	-20.6188
-2.4097	2.21642
-2.60596	2.01001
-2.81844	1.78656
-3.04848	1.54463
-3.29753	1.28272
-3.56716	0.999162
-3.85907	0.692174
-4.1751	0.359818
-4.51724	-4.34483e-18
-4.88765	-0.389551
-5.28868	-0.81129
-5.72284	-1.26788
-6.19287	-1.76219
-6.70174	-2.29736
-7.25266	-2.87674
-7.84911	-3.50399
-8.49483	-4.18307
-9.1939	-4.91826
-9.95074	-5.71419
-10.7701	-6.57589
-11.6572	-7.50878
-12.6175	-8.51874
-13.6572	-9.61215
-14.7828	-10.7959
-16.0014	-12.0774
-17.3206	-13.4648
-18.7488	-14.9668
-20.295	-16.5928
-21.9689	-18.3532
-23.781	-20.2589
-2.79843	2.60597
-2.99299	2.39956
-3.20362	2.17611
-3.43166	1.93418
-3.67855	1.67227
-3.94583	1.38871
-4.2352	1.08172
-4.54848	0.749369
-4.88765	0.389551
-5.25485	-7.47874e-18
-5.65239	-0.42174
-6.08277	-0.878328
-6.54872	-1.37264
-7.05317	-1.9078
-7.59931	-2.48718
-8.19056	-3.11444
-8.83067	-3.79352
-9.52367	-4.52871
-10.2739	-5.32464
-11.0862	-6.18634
-11.9655	-7.11923
-12.9175	-8.12919
-13.9482	-9.22259
-15.064	-10.4063
-16.272	-11.6879
-17.5798	-13.0752
-18.9956	-14.5772
-20.5283	-16.2033
-22.1876	-17.9636
-23.984	-19.8694
-3.21928	3.02771
-3.41199	2.8213
-3.62063	2.59785
-3.8465	2.35592
-4.09104	2.09401
-4.35579	1.81045
-4.64242	1.50346
-4.95273	1.17111
-5.28868	0.81129
-5.65239	0.42174
-6.04615	0
-6.47245	-0.456588
-6.93398	-0.950904
-7.43364	-1.48606
-7.97459	-2.06544
-8.56024	-2.6927
-9.19427	-3.37178
-9.88069	-4.10697
-10.6238	-4.9029
-11.4284	-5.7646
-12.2994	-6.69749
-13.2423	-7.70745
-14.2632	-8.80085
-15.3684	-9.98459
-16.5649	-11.2661
-17.8603	-12.6535
-19.2627	-14.1555
-20.7809	-15.7815
-22.4244	-17.5419
-24.2037	-19.4476
-3.67491	3.4843
-3.86562	3.27789
-4.07209	3.05443
-4.29563	2.81251
-4.53763	2.5506
-4.79963	2.26704
-5.08328	1.96005
-5.39037	1.6277
-5.72284	1.26788
-6.08277	0.878328
-6.47245	0.456588
-6.89433	0
-7.35107	-0.494316
-7.84555	-1.02948
-8.38088	-1.60886
-8.96045	-2.23611
-9.58791	-2.91519
-10.2672	-3.65038
-11.0026	-4.44631
-11.7988	-5.30801
-12.6608	-6.2409
-13.594	-7.25086
-14.6043	-8.34426
-15.698	-9.52799
-16.8821	-10.8095
-18.164	-12.1969
-19.5518	-13.6989
-21.0543	-15.3249
-22.6808	-17.0853
-24.4417	-18.991
-4.16819	3.97861
-4.35673	3.77221
-4.56086	3.54875
-4.78186	3.30683
-5.02112	3.04491
-5.28014	2.76136
-5.56057	2.45437
-5.86418	2.12201
-6.19287	1.76219
-6.54872	1.37264
-6.93398	0.950904
-7.35107	0.494316
-7.80263	-1.43774e-17
-8.29149	-0.535161
-8.82075	-1.11454
-9.39374	-1.74179
-10.0141	-2.42087
-10.6857	-3.15606
-11.4127	-3.95199
-12.1999	-4.81369
-13.0521	-5.74658
-13.9747	-6.75654
-14.9735	-7.84994
-16.0548	-9.03367
-17.2255	-10.3152
-18.4929	-11.7026
-19.8649	-13.2046
-21.3503	-14.8306
-22.9584	-16.5909
-24.6992	-18.4967
-4.70222	4.51377
-4.88843	4.30737
-5.09002	4.08391
-5.30827	3.84199
-5.54455	3.58007
-5.80036	3.29652
-6.07731	2.98953
-6.37714	2.65717
-6.70174	2.29736
-7.05317	1.9078
-7.43364	1.48606
-7.84555	1.02948
-8.29149	0.535161
-8.77428	-8.28049e-18
-9.29696	-0.57938
-9.86283	-1.20663
-10.4755	-1.88571
-11.1387	-2.6209
-11.8567	-3.41683
-12.6341	-4.27853
-13.4757	-5.21142
-14.3868	-6.22138
-15.3732	-7.31478
-16.4411	-8.49851
-17.5972	-9.78003
-18.8489	-11.1674
-20.2039	-12.6694
-21.6708	-14.2954
-23.2588	-16.0558
-24.9781	-17.9615
-5.28039	5.09315
-5.46405	4.88675
-5.6629	4.66329
-5.87817	4.42137
-6.11124	4.15945
-6.36356	3.8759
-6.63673	3.56891
-6.93248	3.23655
-7.25266	2.87674
-7.59931	2.48718
-7.97459	2.06544
-8.38088	1.60886
-8.82075	1.11454
-9.29696	0.57938
-9.81252	-7.16224e-18
-10.3707	-0.627252
-10.975	-1.30633
-11.6292	-2.04152
-12.3374	-2.83745
-13.1042	-3.69915
-13.9343	-4.63203
-14.833	-5.642
-15.806	-6.7354
-16.8593	-7.91912
-17.9997	-9.20064
-19.2343	-10.588
-20.5708	-12.09
-22.0177	-13.716
-23.5842	-15.4764
-25.2799	-17.3821
-5.90632	5.72041
-6.08724	5.51401
-6.28311	5.29055
-6.49517	5.04862
-6.72475	4.78671
-6.9733	4.50315
-7.24239	4.19616
-7.53371	3.86381
-7.84911	3.50399
-8.19056	3.11444
-8.56024	2.6927
-8.96045	2.23611
-9.39374	1.74179
-9.86283	1.20663
-10.3707	0.627252
-10.9205	0
-11.5157	-0.67908
-12.1602	-1.41427
-12.8578	-2.2102
-13.6131	-3.07189
-14.4309	-4.00478
-15.3161	-5.01474
-16.2745	-6.10814
-17.3121	-7.29187
-18.4354	-8.57338
-19.6515	-9.96076
-20.9681	-11.4627
-22.3933	-13.0888
-23.9363	-14.8491
-25.6068	-16.7548
-6.58398	6.39949
-6.76192	6.19309
-6.95457	5.96963
-7.16314	5.7277
-7.38895	5.46579
-7.63341	5.18223
-7.89808	4.87524
-8.18462	4.54289
-8.49483	4.18307
-8.83067	3.79352
-9.19427	3.37178
-9.58791	2.91519
-10.0141	2.42087
-10.4755	1.88571
-10.975	1.30633
-11.5157	0.67908
-12.1012	-1.07619e-17
-12.735	-0.735188
-13.4212	-1.53112
-14.1641	-2.39281
-14.9684	-3.3257
-15.8391	-4.33566
-16.7818	-5.42906
-17.8023	-6.61278
-18.9071	-7.8943
-20.1032	-9.28167
-21.3981	-10.7836
-22.8	-12.4097
-24.3176	-14.17
-25.9606	-16.0757
-7.31762	7.13468
-7.49235	6.92828
-7.68151	6.70482
-7.88631	6.46289
-8.10803	6.20098
-8.34807	5.91742
-8.60795	5.61043
-8.8893	5.27808
-9.1939	4.91826
-9.52367	4.52871
-9.88069	4.10697
-10.2672	3.65038
-10.6857	3.15606
-11.1387	2.6209
-11.6292	2.04152
-12.1602	1.41427
-12.735	0.735188
-13.3574	1.87018e-17
-14.0312	-0.795932
-14.7606	-1.65763
-15.5504	-2.59051
-16.4053	-3.60047
-17.3309	-4.69387
-18.333	-5.87759
-19.4178	-7.15911
-20.5923	-8.54648
-21.8638	-10.0484
-23.2403	-11.6745
-24.7304	-13.4348
-26.3437	-15.3405
-8.11188	7.93062
-8.28313	7.72421
-8.46852	7.50075
-8.66923	7.25883
-8.88653	6.99692
-9.12178	6.71336
-9.37648	6.40637
-9.65222	6.07401
-9.95074	5.71419
-10.2739	5.32464
-10.6238	4.9029
-11.0026	4.44631
-11.4127	3.95199
-11.8567	3.41683
-12.3374	2.83745
-12.8578	2.2102
-13.4212	1.53112
-14.0312	0.795932
-14.6915	0
-15.4064	-0.861693
-16.1804	-1.79458
-17.0183	-2.80454
-17.9254	-3.89793
-18.9075	-5.08166
-19.9707	-6.36317
-21.1218	-7.75054
-22.3679	-9.25251
-23.7169	-10.8785
-25.1773	-12.6388
-26.7584	-14.5445
-8.97177	8.79232
-9.13924	8.58591
-9.32055	8.36245
-9.51684	8.12053
-9.72935	7.85861
-9.95942	7.57505
-10.2085	7.26806
-10.4782	6.93571
-10.7701	6.57589
-11.0862	6.18634
-11.4284	5.7646
-11.7988	5.30801
-12.1999	4.81369
-12.6341	4.27853
-13.1042	3.69915
-13.6131	3.07189
-14.1641	2.39281
-14.7606	1.65763
-15.4064	0.861693
-16.1056	-1.4203e-17
-16.8625	-0.932886
-17.6819	-1.94284
-18.5691	-3.03624
-19.5295	-4.21996
-20.5693	-5.50147
-21.695	-6.88884
-22.9136	-8.3908
-24.2329	-10.0168
-25.6612	-11.7771
-27.2074	-13.6828
-9.9027	9.72521
-10.0661	9.5188
-10.243	9.29535
-10.4345	9.05342
-10.6418	8.7915
-10.8663	8.50795
-11.1093	8.20096
-11.3723	7.8686
-11.6572	7.50878
-11.9655	7.11923
-12.2994	6.69749
-12.6608	6.2409
-13.0521	5.74658
-13.4757	5.21142
-13.9343	4.63203
-14.4309	4.00478
-14.9684	3.3257
-15.5504	2.59051
-16.1804	1.79458
-16.8625	0.932886
-17.6009	-1.24205e-17
-18.4004	-1.00996
-19.2659	-2.10335
-20.2029	-3.28708
-21.2173	-4.56858
-22.3155	-5.95595
-23.5044	-7.45791
-24.7916	-9.08392
-26.185	-10.8442
-27.6934	-12.7499
-10.9105	10.7352
-11.0695	10.5288
-11.2416	10.3053
-11.4279	10.0634
-11.6296	9.80147
-11.848	9.51791
-12.0844	9.21092
-12.3404	8.87856
-12.6175	8.51874
-12.9175	8.12919
-13.2423	7.70745
-13.594	7.25086
-13.9747	6.75654
-14.3868	6.22138
-14.833	5.642
-15.3161	5.01474
-15.8391	4.33566
-16.4053	3.60047
-17.0183	2.80454
-17.6819	1.94284
-18.4004	1.00996
-19.1782	0
-20.0203	-1.09339
-20.9319	-2.27712
-21.9189	-3.55862
-22.9874	-4.94599
-24.1441	-6.44794
-25.3963	-8.07395
-26.752	-9.83424
-28.2197	-11.7399
-12.0017	11.8286
-12.1558	11.6222
-12.3227	11.3987
-12.5035	11.1568
-12.6991	10.8949
-12.9109	10.6113
-13.1402	10.3043
-13.3885	9.97197
-13.6572	9.61215
-13.9482	9.22259
-14.2632	8.80085
-14.6043	8.34426
-14.9735	7.84994
-15.3732	7.31478
-15.806	6.7354
-16.2745	6.10814
-16.7818	5.42906
-17.3309	4.69387
-17.9254	3.89793
-18.5691	3.03624
-19.2659	2.10335
-20.0203	1.09339
-20.837	-1.9162e-17
-21.7212	-1.18372
-22.6784	-2.46523
-23.7147	-3.85259
-24.8366	-5.35454
-26.0511	-6.98054
-27.3659	-8.74083
-28.7894	-10.6465
-13.1829	13.0123
-13.3319	12.8059
-13.4932	12.5825
-13.6678	12.3405
-13.8569	12.0786
-14.0616	11.7951
-14.2832	11.4881
-14.5231	11.1557
-14.7828	10.7959
-15.064	10.4063
-15.3684	9.98459
-15.698	9.52799
-16.0548	9.03367
-16.4411	8.49851
-16.8593	7.91912
-17.3121	7.29187
-17.8023	6.61278
-18.333	5.87759
-18.9075	5.08166
-19.5295	4.21996
-20.2029	3.28708
-20.9319	2.27712
-21.7212	1.18372
-22.5756	0
-23.5007	-1.2815
-24.5021	-2.66886
-25.5863	-4.17082
-26.76	-5.79681
-28.0306	-7.55709
-29.4061	-9.46272
-14.4617	14.2939
-14.6051	14.0875
-14.7604	13.864
-14.9284	13.6221
-15.1103	13.3601
-15.3073	13.0766
-15.5206	12.7696
-15.7514	12.4372
-16.0014	12.0774
-16.272	11.6879
-16.5649	11.2661
-16.8821	10.8095
-17.2255	10.3152
-17.5972	9.78003
-17.9997	9.20064
-18.4354	8.57338
-18.9071	7.8943
-19.4178	7.15911
-19.9707	6.36317
-20.5693	5.50147
-21.2173	4.56858
-21.9189	3.55862
-22.6784	2.46523
-23.5007	1.2815
-24.3908	-2.99964e-17
-25.3546	-1.38736
-26.3979	-2.88931
-27.5274	-4.5153
-28.7501	-6.27557
-30.0738	-8.18119
-15.8462	15.6813
-15.9835	15.4749
-16.1322	15.2514
-16.2931	15.0095
-16.4673	14.7475
-16.656	14.464
-16.8602	14.157
-17.0813	13.8246
-17.3206	13.4648
-17.5798	13.0752
-17.8603	12.6535
-18.164	12.1969
-18.4929	11.7026
-18.8489	11.1674
-19.2343	10.588
-19.6515	9.96076
-20.1032	9.28167
-20.5923	8.54648
-21.1218	7.75054
-21.695	6.88884
-22.3155	5.95595
-22.9874	4.94599
-23.7147	3.85259
-24.5021	2.66886
-25.3546	1.38736
-26.2774	0
-27.2765	-1.50195
-28.3581	-3.12794
-29.5291	-4.88821
-30.7967	-6.79382
-17.3451	17.1833
-17.4758	16.9769
-17.6173	16.7534
-17.7706	16.5115
-17.9364	16.2495
-18.116	15.966
-18.3105	15.659
-18.5209	15.3266
-18.7488	14.9668
-18.9956	14.5772
-19.2627	14.1555
-19.5518	13.6989
-19.8649	13.2046
-20.2039	12.6694
-20.5708	12.09
-20.9681	11.4627
-21.3981	10.7836
-21.8638	10.0484
-22.3679	9.25251
-22.9136	8.3908
-23.5044	7.45791
-24.1441	6.44794
-24.8366	5.35454
-25.5863	4.17082
-26.3979	2.88931
-27.2765	1.50195
-28.2278	-2.3948e-17
-29.2575	-1.62599
-30.3724	-3.38625
-31.5792	-5.29185
-18.9677	18.8093
-19.0913	18.6029
-19.2252	18.3795
-19.37	18.1375
-19.5269	17.8756
-19.6967	17.592
-19.8805	17.285
-20.0795	16.9527
-20.295	16.5928
-20.5283	16.2033
-20.7809	15.7815
-21.0543	15.3249
-21.3503	14.8306
-21.6708	14.2954
-22.0177	13.716
-22.3933	13.0888
-22.8	12.4097
-23.2403	11.6745
-23.7169	10.8785
-24.2329	10.0168
-24.7916	9.08392
-25.3963	8.07395
-26.0511	6.98054
-26.76	5.79681
-27.5274	4.5153
-28.3581	3.12794
-29.2575	1.62599
-30.2312	2.16089e-17
-31.2853	-1.76026
-32.4264	-3.66585
-20.7244	20.5697
-20.8403	20.3633
-20.9658	20.1398
-21.1016	19.8979
-21.2487	19.636
-21.4079	19.3524
-21.5803	19.0454
-21.7669	18.713
-21.9689	18.3532
-22.1876	17.9636
-22.4244	17.5419
-22.6808	17.0853
-22.9584	16.5909
-23.2588	16.0558
-23.5842	15.4764
-23.9363	14.8491
-24.3176	14.17
-24.7304	13.4348
-25.1773	12.6388
-25.6612	11.7771
-26.185	10.8442
-26.752	9.83424
-27.3659	8.74083
-28.0306	7.55709
-28.7501	6.27557
-29.5291	4.88821
-30.3724	3.38625
-31.2853	1.76026
-32.2736	0
-33.3436	-1.90559
-22.6262	22.4755
-22.7337	22.2691
-22.8501	22.0456
-22.9762	21.8037
-23.1127	21.5417
-23.2604	21.2582
-23.4204	20.9512
-23.5935	20.6188
-23.781	20.2589
-23.984	19.8694
-24.2037	19.4476
-24.4417	18.991
-24.6992	18.4967
-24.9781	17.9615
-25.2799	17.3821
-25.6068	16.7548
-25.9606	16.0757
-26.3437	15.3405
-26.7584	14.5445
-27.2074	13.6828
-27.6934	12.7499
-28.2197	11.7399
-28.7894	10.6465
-29.4061	9.46272
-30.0738	8.18119
-30.7967	6.79382
-31.5792	5.29185
-32.4264	3.66585
-33.3436	1.90559
-34.3364	0
-25.1341	24.9744
-25.2548	24.7629
-25.3852	24.5336
-25.5261	24.2852
-25.6783	24.0159
-25.8427	23.724
-26.0202	23.4075
-26.2118	23.0644
-26.4186	22.6924
-26.6417	22.289
-26.8823	21.8515
-27.1417	21.377
-27.4213	20.8623
-27.7224	20.304
-28.0465	19.6981
-28.3953	19.0407
-28.7703	18.3274
-29.1733	17.5531
-29.6058	16.7127
-30.0698	15.8005
-30.5669	14.8102
-31.0989	13.7351
-31.6675	12.568
-32.2743	11.3011
-32.9209	9.92592
-33.6085	8.43351
-34.3381	6.81426
-35.1106	5.05806
-35.9262	3.1543
-36.7847	1.09205
-28.0932	27.9124
-28.2485	27.6913
-28.4158	27.4512
-28.5962	27.1905
-28.7904	26.9074
-28.9995	26.5997
-29.2245	26.2653
-29.4665	25.9018
-29.7264	25.5066
-30.0055	25.0767
-30.305	24.609
-30.6259	24.1001
-30.9695	23.5461
-31.3368	22.9428
-31.7291	22.2858
-32.1473	21.5699
-32.5923	20.7897
-33.065	19.9393
-33.5658	19.0121
-34.0949	18.0009
-34.6524	16.8981
-35.2374	15.6952
-35.8489	14.3832
-36.4847	12.9523
-37.1421	11.3921
-37.8168	9.69181
-38.5034	7.83985
-39.1946	5.82448
-39.8815	3.6339
-40.5526	1.25663
-31.0532	30.8511
-31.243	30.6205
-31.4473	30.3696
-31.6671	30.0967
-31.9034	29.7996
-32.1572	29.4761
-32.4297	29.1238
-32.7219	28.7398
-33.035	28.3214
-33.3702	27.865
-33.7284	27.3671
-34.1108	26.8237
-34.5184	26.2304
-34.952	25.5822
-35.4124	24.8739
-35.9	24.0996
-36.4151	23.2526
-36.9574	22.326
-37.5265	21.3119
-38.1208	20.2019
-38.7386	18.9865
-39.3767	17.6557
-40.031	16.1987
-40.696	14.6038
-41.3641	12.8586
-42.0259	10.9504
-42.6695	8.86564
-43.2796	6.59106
-43.8378	4.11359
-44.3213	1.42125
-34.0137	33.7905
-34.2381	33.5502
-34.4793	33.2885
-34.7386	33.0033
-35.0169	32.6923
-35.3154	32.353
-35.6354	31.9827
-35.9779	31.5784
-36.3442	31.1366
-36.7353	30.6537
-37.1524	30.1257
-37.5963	29.5478
-38.0679	28.9151
-38.5678	28.2221
-39.0963	27.4625
-39.6533	26.6296
-40.2384	25.7159
-40.8505	24.7131
-41.4877	23.6121
-42.1473	22.4031
-42.8254	21.0751
-43.5166	19.6164
-44.2138	18.0144
-44.9078	16.2555
-45.5867	14.3254
-46.2357	12.2091
-46.8362	9.89159
-47.3652	7.35775
-47.7946	4.59337
-48.0906	1.58589
-36.7847	-1.09205
-35.9262	-3.1543
-35.1106	-5.05806
-34.3381	-6.81426
-33.6085	-8.43351
-32.9209	-9.92592
-32.2743	-11.3011
-31.6675	-12.568
-31.0989	-13.7351
-30.5669	-14.8102
-30.0698	-15.8005
-29.6058	-16.7127
-29.1733	-17.5531
-28.7703	-18.3274
-28.3953	-19.0407
-28.0465	-19.6981
-27.7224	-20.304
-27.4213	-20.8623
-27.1417	-21.377
-26.8823	-21.8515
-26.6417	-22.289
-26.4186	-22.6924
-26.2118	-23.0644
-26.0202	-23.4075
-25.8427	-23.724
-25.6783	-24.0159
-25.5261	-24.2852
-25.3852	-24.5336
-25.2548	-24.7629
-25.1341	-24.9744
-40.5526	-1.25663
-39.8815	-3.6339
-39.1946	-5.82448
-38.5034	-7.83985
-37.8168	-9.69181
-37.1421	-11.3921
-36.4847	-12.9523
-35.8489	-14.3832
-35.2374	-15.6952
-34.6524	-16.8981
-34.0949	-18.0009
-33.5658	-19.0121
-33.065	-19.9393
-32.5923	-20.7897
-32.1473	-21.5699
-31.7291	-22.2858
-31.3368	-22.9428
-30.9695	-23.5461
-30.6259	-24.1001
-30.305	-24.609
-30.0055	-25.0767
-29.7264	-25.5066
-29.4665	-25.9018
-29.2245	-26.2653
-28.9995	-26.5997
-28.7904	-26.9074
-28.5962	-27.1905
-28.4158	-27.4512
-28.2485	-27.6913
-28.0932	-27.9124
-44.3213	-1.42125
-43.8378	-4.11359
-43.2796	-6.59106
-42.6695	-8.86564
-42.0259	-10.9504
-41.3641	-12.8586
-40.696	-14.6038
-40.031	-16.1987
-39.3767	-17.6557
-38.7386	-18.9865
-38.1208	-20.2019
-37.5265	-21.3119
-36.9574	-22.326
-36.4151	-23.2526
-35.9	-24.0996
-35.4124	-24.8739
-34.952	-25.5822
-34.5184	-26.2304
-34.1108	-26.8237
-33.7284	-27.3671
-33.3702	-27.865
-33.035	-28.3214
-32.7219	-28.7398
-32.4297	-29.1238
-32.1572	-29.4761
-31.9034	-29.7996
-31.6671	-30.0967
-31.4473	-30.3696
-31.243	-30.6205
-31.0532	-30.8511
-48.0906	-1.58589
-47.7946	-4.59337
-47.3652	-7.35775
-46.8362	-9.89159
-46.2357	-12.2091
-45.5867	-14.3254
-44.9078	-16.2555
-44.2138	-18.0144
-43.5166	-19.6164
-42.8254	-21.0751
-42.1473	-22.4031
-41.4877	-23.6121
-40.8505	-24.7131
-40.2384	-25.7159
-39.6533	-26.6296
-39.0963	-27.4625
-38.5678	-28.2221
-38.0679	-28.9151
-37.5963	-29.5478
-37.1524	-30.1257
-36.7353	-30.6537
-36.3442	-31.1366
-35.9779	-31.5784
-35.6354	-31.9827
-35.3154	-32.353
-35.0169	-32.6923
-34.7386	-33.0033
-34.4793	-33.2885
-34.2381	-33.5502
-34.0137	-33.7905
-3.68703e-18	-0.19794
0.206402	-0.403909
0.42986	-0.626897
0.671783	-0.868311
0.933698	-1.12967
1.21725	-1.41264
1.52424	-1.71898
1.8566	-2.05063
2.21642	-2.4097
2.60597	-2.79843
3.02771	-3.21928
3.4843	-3.67491
3.97861	-4.16819
4.51377	-4.70222
5.09315	-5.28039
5.72041	-5.90632
6.39949	-6.58398
7.13468	-7.31762
7.93062	-8.11188
8.79232	-8.97177
9.72521	-9.9027
10.7352	-10.9105
11.8286	-12.0017
13.0123	-13.1829
14.2939	-14.4617
15.6813	-15.8462
17.1833	-17.3451
18.8093	-18.9677
20.5697	-20.7244
22.4755	-22.6262
-0.206402	-0.403909
0	-0.608973
0.223458	-0.830983
0.465381	-1.07134
0.727295	-1.33155
1.01085	-1.61327
1.31784	-1.91827
1.6502	-2.24847
2.01001	-2.60596
2.39956	-2.99299
2.8213	-3.41199
3.27789	-3.86562
3.77221	-4.35673
4.30737	-4.88843
4.88675	-5.46405
5.51401	-6.08724
6.19309	-6.76192
6.92828	-7.49235
7.72421	-8.28313
8.58591	-9.13924
9.5188	-10.0661
10.5288	-11.0695
11.6222	-12.1558
12.8059	-13.3319
14.0875	-14.6051
15.4749	-15.9835
16.9769	-17.4758
18.6029	-19.0913
20.3633	-20.8403
22.2691	-22.7337
-0.42986	-0.626897
-0.223458	-0.830983
-5.41704e-18	-1.05193
0.241923	-1.29114
0.503837	-1.55012
0.787394	-1.83049
1.09438	-2.13404
1.42674	-2.46266
1.78656	-2.81844
2.17611	-3.20362
2.59785	-3.62063
3.05443	-4.07209
3.54875	-4.56086
4.08391	-5.09002
4.66329	-5.6629
5.29055	-6.28311
5.96963	-6.95457
6.70482	-7.68151
7.50075	-8.46852
8.36245	-9.32055
9.29535	-10.243
10.3053	-11.2416
11.3987	-12.3227
12.5825	-13.4932
13.864	-14.7604
15.2514	-16.1322
16.7534	-17.6173
18.3795	-19.2252
20.1398	-20.9658
22.0456	-22.8501
-0.671783	-0.868311
-0.465381	-1.07134
-0.241923	-1.29114
9.29152e-18	-1.52911
0.261914	-1.78674
0.545471	-2.06566
0.852459	-2.36763
1.18481	-2.69455
1.54463	-3.04848
1.93418	-3.43166
2.35592	-3.8465
2.81251	-4.29563
3.30683	-4.78186
3.84199	-5.30827
4.42137	-5.87817
5.04862	-6.49517
5.7277	-7.16314
6.46289	-7.88631
7.25883	-8.66923
8.12053	-9.51684
9.05342	-10.4345
10.0634	-11.4279
11.1568	-12.5035
12.3405	-13.6678
13.6221	-14.9284
15.0095	-16.2931
16.5115	-17.7706
18.1375	-19.37
19.8979	-21.1016
21.8037	-22.9762
-0.933698	-1.12967
-0.727295	-1.33155
-0.503837	-1.55012
-0.261914	-1.78674
-1.19584e-17	-2.04292
0.283557	-2.32026
0.590545	-2.62052
0.9229	-2.94559
1.28272	-3.29753
1.67227	-3.67855
2.09401	-4.09104
2.5506	-4.53763
3.04491	-5.02112
3.58007	-5.54455
4.15945	-6.11124
4.78671	-6.72475
5.46579	-7.38895
6.20098	-8.10803
6.99692	-8.88653
7.85861	-9.72935
8.7915	-10.6418
9.80147	-11.6296
10.8949	-12.6991
12.0786	-13.8569
13.3601	-15.1103
14.7475	-16.4673
16.2495	-17.9364
17.8756	-19.5269
19.636	-21.2487
21.5417	-23.1127
-1.21725	-1.41264
-1.01085	-1.61327
-0.787394	-1.83049
-0.545471	-2.06566
-0.283557	-2.32026
0	-2.5959
0.306988	-2.89431
0.639343	-3.21739
0.999162	-3.56716
1.38871	-3.94583
1.81045	-4.35579
2.26704	-4.79963
2.76136	-5.28014
3.29652	-5.80036
3.8759	-6.36356
4.50315	-6.9733
5.18223	-7.63341
5.91742	-8.34807
6.71336	-9.12178
7.57505	-9.95942
8.50795	-10.8663
9.51791	-11.848
10.6113	-12.9109
11.7951	-14.0616
13.0766	-15.3073
14.464	-16.656
15.966	-18.116
17.592	-19.6967
19.3524	-21.4079
21.2582	-23.2604
-1.52424	-1.71898
-1.31784	-1.91827
-1.09438	-2.13404
-0.852459	-2.36763
-0.590545	-2.62052
-0.306988	-2.89431
-5.87826e-18	-3.19073
0.332355	-3.51164
0.692174	-3.85907
1.08172	-4.2352
1.50346	-4.64242
1.96005	-5.08328
2.45437	-5.56057
2.98953	-6.07731
3.56891	-6.63673
4.19616	-7.24239
4.87524	-7.89808
5.61043	-8.60795
6.40637	-9.37648
7.26806	-10.2085
8.20096	-11.1093
9.21092	-12.0844
10.3043	-13.1402
11.4881	-14.2832
12.7696	-15.5206
14.157	-16.8602
15.659	-18.3105
17.285	-19.8805
19.0454	-21.5803
20.9512	-23.4204
-1.8566	-2.05063
-1.6502	-2.24847
-1.42674	-2.46266
-1.18481	-2.69455
-0.9229	-2.94559
-0.639343	-3.21739
-0.332355	-3.51164
0	-3.83021
0.359818	-4.1751
0.749369	-4.54848
1.17111	-4.95273
1.6277	-5.39037
2.12201	-5.86418
2.65717	-6.37714
3.23655	-6.93248
3.86381	-7.53371
4.54289	-8.18462
5.27808	-8.8893
6.07401	-9.65222
6.93571	-10.4782
7.8686	-11.3723
8.87856	-12.3404
9.97197	-13.3885
11.1557	-14.5231
12.4372	-15.7514
13.8246	-17.0813
15.3266	-18.5209
16.9527	-20.0795
18.713	-21.7669
20.6188	-23.5935
-2.21642	-2.4097
-2.01001	-2.60596
-1.78656	-2.81844
-1.54463	-3.04848
-1.28272	-3.29753
-0.999162	-3.56716
-0.692174	-3.85907
-0.359818	-4.1751
4.34483e-18	-4.51724
0.389551	-4.88765
0.81129	-5.28868
1.26788	-5.72284
1.76219	-6.19287
2.29736	-6.70174
2.87674	-7.25266
3.50399	-7.84911
4.18307	-8.49483
4.91826	-9.1939
5.71419	-9.95074
6.57589	-10.7701
7.50878	-11.6572
8.51874	-12.6175
9.61215	-13.6572
10.7959	-14.7828
12.0774	-16.0014
13.4648	-17.3206
14.9668	-18.7488
16.5928	-20.295
18.3532	-21.9689
20.2589	-23.781
-2.60597	-2.79843
-2.39956	-2.99299
-2.17611	-3.20362
-1.93418	-3.43166
-1.67227	-3.67855
-1.38871	-3.94583
-1.08172	-4.2352
-0.749369	-4.54848
-0.389551	-4.88765
7.47874e-18	-5.25485
0.42174	-5.65239
0.878328	-6.08277
1.37264	-6.54872
1.9078	-7.05317
2.48718	-7.59931
3.11444	-8.19056
3.79352	-8.83067
4.52871	-9.52367
5.32464	-10.2739
6.18634	-11.0862
7.11923	-11.9655
8.12919	-12.9175
9.22259	-13.9482
10.4063	-15.064
11.6879	-16.272
13.0752	-17.5798
14.5772	-18.9956
16.2033	-20.5283
17.9636	-22.1876
19.8694	-23.984
-3.02771	-3.21928
-2.8213	-3.41199
-2.59785	-3.62063
-2.35592	-3.8465
-2.09401	-4.09104
-1.81045	-4.35579
-1.50346	-4.64242
-1.17111	-4.95273
-0.81129	-5.28868
-0.42174	-5.65239
0	-6.04615
0.456588	-6.47245
0.950904	-6.93398
1.48606	-7.43364
2.06544	-7.97459
2.6927	-8.56024
3.37178	-9.19427
4.10697	-9.88069
4.9029	-10.6238
5.7646	-11.4284
6.69749	-12.2994
7.70745	-13.2423
8.80085	-14.2632
9.98459	-15.3684
11.2661	-16.5649
12.6535	-17.8603
14.1555	-19.2627
15.7815	-20.7809
17.5419	-22.4244
19.4476	-24.2037
-3.4843	-3.67491
-3.27789	-3.86562
-3.05443	-4.07209
-2.81251	-4.29563
-2.5506	-4.53763
-2.26704	-4.79963
-1.96005	-5.08328
-1.6277	-5.39037
-1.26788	-5.72284
-0.878328	-6.08277
-0.456588	-6.47245
0	-6.89433
0.494316	-7.35107
1.02948	-7.84555
1.60886	-8.38088
2.23611	-8.96045
2.91519	-9.58791
3.65038	-10.2672
4.44631	-11.0026
5.30801	-11.7988
6.2409	-12.6608
7.25086	-13.594
8.34426	-14.6043
9.52799	-15.698
10.8095	-16.8821
12.1969	-18.164
13.6989	-19.5518
15.3249	-21.0543
17.0853	-22.6808
18.991	-24.4417
-3.97861	-4.16819
-3.77221	-4.35673
-3.54875	-4.56086
-3.30683	-4.78186
-3.04491	-5.02112
-2.76136	-5.28014
-2.45437	-5.56057
-2.12201	-5.86418
-1.76219	-6.19287
-1.37264	-6.54872
-0.950904	-6.93398
-0.494316	-7.35107
1.43774e-17	-7.80263
0.535161	-8.29149
1.11454	-8.82075
1.74179	-9.39374
2.42087	-10.0141
3.15606	-10.6857
3.95199	-11.4127
4.81369	-12.1999
5.74658	-13.0521
6.75654	-13.9747
7.84994	-14.9735
9.03367	-16.0548
10.3152	-17.2255
11.7026	-18.4929
13.2046	-19.8649
14.8306	-21.3503
16.5909	-22.9584
18.4967	-24.6992
-4.51377	-4.70222
-4.30737	-4.88843
-4.08391	-5.09002
-3.84199	-5.30827
-3.58007	-5.54455
-3.29652	-5.80036
-2.98953	-6.07731
-2.65717	-6.37714
-2.29736	-6.70174
-1.9078	-7.05317
-1.48606	-7.43364
-1.02948	-7.84555
-0.535161	-8.29149
8.28049e-18	-8.77428
0.57938	-9.29696
1.20663	-9.86283
1.88571	-10.4755
2.6209	-11.1387
3.41683	-11.8567
4.27853	-12.6341
5.21142	-13.4757
6.22138	-14.3868
7.31478	-15.3732
8.49851	-16.4411
9.78003	-17.5972
11.1674	-18.8489
12.6694	-20.2039
14.2954	-21.6708
16.0558	-23.2588
17.9615	-24.9781
-5.09315	-5.28039
-4.88675	-5.46405
-4.66329	-5.6629
-4.42137	-5.87817
-4.15945	-6.11124
-3.8759	-6.36356
-3.56891	-6.63673
-3.23655	-6.93248
-2.87674	-7.25266
-2.48718	-7.59931
-2.06544	-7.97459
-1.60886	-8.38088
-1.11454	-8.82075
-0.57938	-9.29696
7.16224e-18	-9.81252
0.627252	-10.3707
1.30633	-10.975
2.04152	-11.6292
2.83745	-12.3374
3.69915	-13.1042
4.63203	-13.9343
5.642	-14.833
6.7354	-15.806
7.91912	-16.8593
9.20064	-17.9997
10.588	-19.2343
12.09	-20.5708
13.716	-22.0177
15.4764	-23.5842
17.3821	-25.2799
-5.72041	-5.90632
-5.51401	-6.08724
-5.29055	-6.28311
-5.04862	-6.49517
-4.78671	-6.72475
-4.50315	-6.9733
-4.19616	-7.24239
-3.86381	-7.53371
-3.50399	-7.84911
-3.11444	-8.19056
-2.6927	-8.56024
-2.23611	-8.96045
-1.74179	-9.39374
-1.20663	-9.86283
-0.627252	-10.3707
0	-10.9205
0.67908	-11.5157
1.41427	-12.1602
2.2102	-12.8578
3.07189	-13.6131
4.00478	-14.4309
5.01474	-15.3161
6.10814	-16.2745
7.29187	-17.3121
8.57338	-18.4354
9.96076	-19.6515
11.4627	-20.9681
13.0888	-22.3933
14.8491	-23.9363
16.7548	-25.6068
-6.39949	-6.58398
-6.19309	-6.76192
-5.96963	-6.95457
-5.7277	-7.16314
-5.46579	-7.38895
-5.18223	-7.63341
-4.87524	-7.89808
-4.54289	-8.18462
-4.18307	-8.49483
-3.79352	-8.83067
-3.37178	-9.19427
-2.91519	-9.58791
-2.42087	-10.0141
-1.88571	-10.4755
-1.30633	-10.975
-0.67908	-11.5157
1.07619e-17	-12.1012
0.735188	-12.735
1.53112	-13.4212
2.39281	-14.1641
3.3257	-14.9684
4.33566	-15.8391
5.42906	-16.7818
6.61278	-17.8023
7.8943	-18.9071
9.28167	-20.1032
10.7836	-21.3981
12.4097	-22.8
14.17	-24.3176
16.0757	-25.9606
-7.13468	-7.31762
-6.92828	-7.49235
-6.70482	-7.68151
-6.46289	-7.88631
-6.20098	-8.10803
-5.91742	-8.34807
-5.61043	-8.60795
-5.27808	-8.8893
-4.91826	-9.1939
-4.52871	-9.52367
-4.10697	-9.88069
-3.65038	-10.2672
-3.15606	-10.6857
-2.6209	-11.1387
-2.04152	-11.6292
-1.41427	-12.1602
-0.735188	-12.735
-1.87018e-17	-13.3574
0.795932	-14.0312
1.65763	-14.7606
2.59051	-15.5504
3.60047	-16.4053
4.69387	-17.3309
5.87759	-18.333
7.15911	-19.4178
8.54648	-20.5923
10.0484	-21.8638
11.6745	-23.2403
13.4348	-24.7304
15.3405	-26.3437
-7.93062	-8.11188
-7.72421	-8.28313
-7.50075	-8.46852
-7.25883	-8.66923
-6.99692	-8.88653
-6.71336	-9.12178
-6.40637	-9.37648
-6.07401	-9.65222
-5.71419	-9.95074
-5.32464	-10.2739
-4.9029	-10.6238
-4.44631	-11.0026
-3.95199	-11.4127
-3.41683	-11.8567
-2.83745	-12.3374
-2.2102	-12.8578
-1.53112	-13.4212
-0.795932	-14.0312
0	-14.6915
0.861693	-15.4064
1.79458	-16.1804
2.80454	-17.0183
3.89793	-17.9254
5.08166	-18.9075
6.36317	-19.9707
7.75054	-21.1218
9.25251	-22.3679
10.8785	-23.7169
12.6388	-25.1773
14.5445	-26.7584
-8.79232	-8.97177
-8.58591	-9.13924
-8.36245	-9.32055
-8.12053	-9.51684
-7.85861	-9.72935
-7.57505	-9.95942
-7.26806	-10.2085
-6.93571	-10.4782
-6.57589	-10.7701
-6.18634	-11.0862
-5.7646	-11.4284
-5.30801	-11.7988
-4.81369	-12.1999
-4.27853	-12.6341
-3.69915	-13.1042
-3.07189	-13.6131
-2.39281	-14.1641
-1.65763	-14.7606
-0.861693	-15.4064
1.4203e-17	-16.1056
0.932886	-16.8625
1.94284	-17.6819
3.03624	-18.5691
4.21996	-19.5295
5.50147	-20.5693
6.88884	-21.695
8.3908	-22.9136
10.0168	-24.2329
11.7771	-25.6612
13.6828	-27.2074
-9.72521	-9.9027
-9.5188	-10.0661
-9.29535	-10.243
-9.05342	-10.4345
-8.7915	-10.6418
-8.50795	-10.8663
-8.20096	-11.1093
-7.8686	-11.3723
-7.50878	-11.6572
-7.11923	-11.9655
-6.69749	-12.2994
-6.2409	-12.6608
-5.74658	-13.0521
-5.21142	-13.4757
-4.63203	-13.9343
-4.00478	-14.4309
-3.3257	-14.9684
-2.59051	-15.5504
-1.79458	-16.1804
-0.932886	-16.8625
1.24205e-17	-17.6009
1.00996	-18.4004
2.10335	-19.2659
3.28708	-20.2029
4.56858	-21.2173
5.95595	-22.3155
7.45791	-23.5044
9.08392	-24.7916
10.8442	-26.185
12.7499	-27.6934
-10.7352	-10.9105
-10.5288	-11.0695
-10.3053	-11.2416
-10.0634	-11.4279
-9.80147	-11.6296
-9.51791	-11.848
-9.21092	-12.0844
-8.87856	-12.3404
-8.51874	-12.6175
-8.12919	-12.9175
-7.70745	-13.2423
-7.25086	-13.594
-6.75654	-13.9747
-6.22138	-14.3868
-5.642	-14.833
-5.01474	-15.3161
-4.33566	-15.8391
-3.60047	-16.4053
-2.80454	-17.0183
-1.94284	-17.6819
-1.00996	-18.4004
0	-19.1782
1.09339	-20.0203
2.27712	-20.9319
3.55862	-21.9189
4.94599	-22.9874
6.44794	-24.1441
8.07395	-25.3963
9.83424	-26.752
11.7399	-28.2197
-11.8286	-12.0017
-11.6222	-12.1558
-11.3987	-12.3227
-11.1568	-12.5035
-10.8949	-12.6991
-10.6113	-12.9109
-10.3043	-13.1402
-9.97197	-13.3885
-9.61215	-13.6572
-9.22259	-13.9482
-8.80085	-14.2632
-8.34426	-14.6043
-7.84994	-14.9735
-7.31478	-15.3732
-6.7354	-15.806
-6.10814	-16.2745
-5.42906	-16.7818
-4.69387	-17.3309
-3.89793	-17.9254
-3.03624	-18.5691
-2.10335	-19.2659
-1.09339	-20.0203
1.9162e-17	-20.837
1.18372	-21.7212
2.46523	-22.6784
3.85259	-23.7147
5.35454	-24.8366
6.98054	-26.0511
8.74083	-27.3659
10.6465	-28.7894
-13.0123	-13.1829
-12.8059	-13.3319
-12.5825	-13.4932
-12.3405	-13.6678
-12.0786	-13.8569
-11.7951	-14.0616
-11.4881	-14.2832
-11.1557	-14.5231
-10.7959	-14.7828
-10.4063	-15.064
-9.98459	-15.3684
-9.52799	-15.698
-9.03367	-16.0548
-8.49851	-16.4411
-7.91912	-16.8593
-7.29187	-17.3121
-6.61278	-17.8023
-5.87759	-18.333
-5.08166	-18.9075
-4.21996	-19.5295
-3.28708	-20.2029
-2.27712	-20.9319
-1.18372	-21.7212
0	-22.5756
1.2815	-23.5007
2.66886	-24.5021
4.17082	-25.5863
5.79681	-26.76
7.55709	-28.0306
9.46272	-29.4061
-14.2939	-14.4617
-14.0875	-14.6051
-13.864	-14.7604
-13.6221	-14.9284
-13.3601	-15.1103
-13.0766	-15.3073
-12.7696	-15.5206
-12.4372	-15.7514
-12.0774	-16.0014
-11.6879	-16.272
-11.2661	-16.5649
-10.8095	-16.8821
-10.3152	-17.2255
-9.78003	-17.5972
-9.20064	-17.9997
-8.57338	-18.4354
-7.8943	-18.9071
-7.15911	-19.4178
-6.36317	-19.9707
-5.50147	-20.5693
-4.56858	-21.2173
-3.55862	-21.9189
-2.46523	-22.6784
-1.2815	-23.5007
2.99964e-17	-24.3908
1.38736	-25.3546
2.88931	-26.3979
4.5153	-27.5274
6.27557	-28.7501
8.18119	-30.0738
-15.6813	-15.8462
-15.4749	-15.9835
-15.2514	-16.1322
-15.0095	-16.2931
-14.7475	-16.4673
-14.464	-16.656
-14.157	-16.8602
-13.8246	-17.0813
-13.4648	-17.3206
-13.0752	-17.5798
-12.6535	-17.8603
-12.1969	-18.164
-11.7026	-18.4929
-11.1674	-18.8489
-10.588	-19.2343
-9.96076	-19.6515
-9.28167	-20.1032
-8.54648	-20.5923
-7.75054	-21.1218
-6.88884	-21.695
-5.95595	-22.3155
-4.94599	-22.9874
-3.85259	-23.7147
-2.66886	-24.5021
-1.38736	-25.3546
0	-26.2774
1.50195	-27.2765
3.12794	-28.3581
4.88821	-29.5291
6.79382	-30.7967
-17.1833	-17.3451
-16.9769	-17.4758
-16.7534	-17.6173
-16.5115	-17.7706
-16.2495	-17.9364
-15.966	-18.116
-15.659	-18.3105
-15.3266	-18.5209
-14.9668	-18.7488
-14.5772	-18.9956
-14.1555	-19.2627
-13.6989	-19.5518
-13.2046	-19.8649
-12.6694	-20.2039
-12.09	-20.5708
-11.4627	-20.9681
-10.7836	-21.3981
-10.0484	-21.8638
-9.25251	-22.3679
-8.3908	-22.9136
-7.45791	-23.5044
-6.44794	-24.1441
-5.35454	-24.8366
-4.17082	-25.5863
-2.88931	-26.3979
-1.50195	-27.2765
2.3948e-17	-28.2278
1.62599	-29.2575
3.38625	-30.3724
5.29185	-31.5792
-18.8093	-18.9677
-18.6029	-19.0913
-18.3795	-19.2252
-18.1375	-19.37
-17.8756	-19.5269
-17.592	-19.6967
-17.285	-19.8805
-16.9527	-20.0795
-16.5928	-20.295
-16.2033	-20.5283
-15.7815	-20.7809
-15.3249	-21.0543
-14.8306	-21.3503
-14.2954	-21.6708
-13.716	-22.0177
-13.0888	-22.3933
-12.4097	-22.8
-11.6745	-23.2403
-10.8785	-23.7169
-10.0168	-24.2329
-9.08392	-24.7916
-8.07395	-25.3963
-6.98054	-26.0511
-5.79681	-26.76
-4.5153	-27.5274
-3.12794	-28.3581
-1.62599	-29.2575
-2.16089e-17	-30.2312
1.76026	-31.2853
3.66585	-32.4264
-20.5697	-20.7244
-20.3633	-20.8403
-20.1398	-20.9658
-19.8979	-21.1016
-19.636	-21.2487
-19.3524	-21.4079
-19.0454	-21.5803
-18.713	-21.7669
-18.3532	-21.9689
-17.9636	-22.1876
-17.5419	-22.4244
-17.0853	-22.6808
-16.5909	-22.9584
-16.0558	-23.2588
-15.4764	-23.5842
-14.8491	-23.9363
-14.17	-24.3176
-13.4348	-24.7304
-12.6388	-25.1773
-11.7771	-25.6612
-10.8442	-26.185
-9.83424	-26.752
-8.74083	-27.3659
-7.55709	-28.0306
-6.27557	-28.7501
-4.88821	-29.5291
-3.38625	-30.3724
-1.76026	-31.2853
0	-32.2736
1.90559	-33.3436
-22.4755	-22.6262
-22.2691	-22.7337
-22.0456	-22.8501
-21.8037	-22.9762
-21.5417	-23.1127
-21.2582	-23.2604
-20.9512	-23.4204
-20.6188	-23.5935
-20.2589	-23.781
-19.8694	-23.984
-19.4476	-24.2037
-18.991	-24.4417
-18.4967	-24.6992
-17.9615	-24.9781
-17.3821	-25.2799
-16.7548	-25.6068
-16.0757	-25.9606
-15.3405	-26.3437
-14.5445	-26.7584
-13.6828	-27.2074
-12.7499	-27.6934
-11.7399	-28.2197
-10.6465	-28.7894
-9.46272	-29.4061
-8.18119	-30.0738
-6.79382	-30.7967
-5.29185	-31.5792
-3.66585	-32.4264
-1.90559	-33.3436
0	-34.3364
-24.9744	-25.1341
-24.7629	-25.2548
-24.5336	-25.3852
-24.2852	-25.5261
-24.0159	-25.6783
-23.724	-25.8427
-23.4075	-26.0202
-23.0644	-26.2118
-22.6924	-26.4186
-22.289	-26.6417
-21.8515	-26.8823
-21.377	-27.1417
-20.8623	-27.4213
-20.304	-27.7224
-19.6981	-28.0465
-19.0407	-28.3953
-18.3274	-28.7703
-17.5531	-29.1733
-16.7127	-29.6058
-15.8005	-30.0698
-14.8102	-30.5669
-13.7351	-31.0989
-12.568	-31.6675
-11.3011	-32.2743
-9.92592	-32.9209
-8.43351	-33.6085
-6.81426	-34.3381
-5.05806	-35.1106
-3.1543	-35.9262
-1.09205	-36.7847
-27.9124	-28.0932
-27.6913	-28.2485
-27.4512	-28.4158
-27.1905	-28.5962
-26.9074	-28.7904
-26.5997	-28.9995
-26.2653	-29.2245
-25.9018	-29.4665
-25.5066	-29.7264
-25.0767	-30.0055
-24.609	-30.305
-24.1001	-30.6259
-23.5461	-30.9695
-22.9428	-31.3368
-22.2858	-31.7291
-21.5699	-32.1473
-20.7897	-32.5923
-19.9393	-33.065
-19.0121	-33.5658
-18.0009	-34.0949
-16.8981	-34.6524
-15.6952	-35.2374
-14.3832	-35.8489
-12.9523	-36.4847
-11.3921	-37.1421
-9.69181	-37.8168
-7.83985	-38.5034
-5.82448	-39.1946
-3.6339	-39.8815
-1.25663	-40.5526
-30.8511	-31.0532
-30.6205	-31.243
-30.3696	-31.4473
-30.0967	-31.6671
-29.7996	-31.9034
-29.4761	-32.1572
-29.1238	-32.4297
-28.7398	-32.7219
-28.3214	-33.035
-27.865	-33.3702
-27.3671	-33.7284
-26.8237	-34.1108
-26.2304	-34.5184
-25.5822	-34.952
-24.8739	-35.4124
-24.0996	-35.9
-23.2526	-36.4151
-22.326	-36.9574
-21.3119	-37.5265
-20.2019	-38.1208
-18.9865	-38.7386
-17.6557	-39.3767
-16.1987	-40.031
-14.6038	-40.696
-12.8586	-41.3641
-10.9504	-42.0259
-8.86564	-42.6695
-6.59106	-43.2796
-4.11359	-43.8378
-1.42125	-44.3213
-33.7905	-34.0137
-33.5502	-34.2381
-33.2885	-34.4793
-33.0033	-34.7386
-32.6923	-35.0169
-32.353	-35.3154
-31.9827	-35.6354
-31.5784	-35.9779
-31.1366	-36.3442
-30.6537	-36.7353
-30.1257	-37.1524
-29.5478	-37.5963
-28.9151	-38.0679
-28.2221	-38.5678
-27.4625	-39.0963
-26.6296	-39.6533
-25.7159	-40.2384
-24.7131	-40.8505
-23.6121	-41.4877
-22.4031	-42.1473
-21.0751	-42.8254
-19.6164	-43.5166
-18.0144	-44.2138
-16.2555	-44.9078
-14.3254	-45.5867
-12.2091	-46.2357
-9.89159	-46.8362
-7.35775	-47.3652
-4.59337	-47.7946
-1.58589	-48.0906
1.09205	-36.7847
3.1543	-35.9262
5.05806	-35.1106
6.81426	-34.3381
8.43351	-33.6085
9.92592	-32.9209
11.3011	-32.2743
12.568	-31.6675
13.7351	-31.0989
14.8102	-30.5669
15.8005	-30.0698
16.7127	-29.6058
17.5531	-29.1733
18.3274	-28.7703
19.0407	-28.3953
19.6981	-28.0465
20.304	-27.7224
20.8623	-27.4213
21.377	-27.1417
21.8515	-26.8823
22.289	-26.6417
22.6924	-26.4186
23.0644	-26.2118
23.4075	-26.0202
23.724	-25.8427
24.0159	-25.6783
24.2852	-25.5261
24.5336	-25.3852
24.7629	-25.2548
24.9744	-25.1341
1.25663	-40.5526
3.6339	-39.8815
5.82448	-39.1946
7.83985	-38.5034
9.69181	-37.8168
11.3921	-37.1421
12.9523	-36.4847
14.3832	-35.8489
15.6952	-35.2374
16.8981	-34.6524
18.0009	-34.0949
19.0121	-33.5658
19.9393	-33.065
20.7897	-32.5923
21.5699	-32.1473
22.2858	-31.7291
22.9428	-31.3368
23.5461	-30.9695
24.1001	-30.6259
24.609	-30.305
25.0767	-30.0055
25.5066	-29.7264
25.9018	-29.4665
26.2653	-29.2245
26.5997	-28.9995
26.9074	-28.7904
27.1905	-28.5962
27.4512	-28.4158
27.6913	-28.2485
27.9124	-28.0932
1.42125	-44.3213
4.11359	-43.8378
6.59106	-43.2796
8.86564	-42.6695
10.9504	-42.0259
12.8586	-41.3641
14.6038	-40.696
16.1987	-40.031
17.6557	-39.3767
18.9865	-38.7386
20.2019	-38.1208
21.3119	-37.5265
22.326	-36.9574
23.2526	-36.4151
24.0996	-35.9
24.8739	-35.4124
25.5822	-34.952
26.2304	-34.5184
26.8237	-34.1108
27.3671	-33.7284
27.865	-33.3702
28.3214	-33.035
28.7398	-32.7219
29.1238	-32.4297
29.4761	-32.1572
29.7996	-31.9034
30.0967	-31.6671
30.3696	-31.4473
30.6205	-31.243
30.8511	-31.0532
1.58589	-48.0906
4.59337	-47.7946
7.35775	-47.3652
9.89159	-46.8362
12.2091	-46.2357
14.3254	-45.5867
16.2555	-44.9078
18.0144	-44.2138
19.6164	-43.5166
21.0751	-42.8254
22.4031	-42.1473
23.6121	-41.4877
24.7131	-40.8505
25.7159	-40.2384
26.6296	-39.6533
27.4625	-39.0963
28.2221	-38.5678
28.9151	-38.0679
29.5478	-37.5963
30.1257	-37.1524
30.6537	-36.7353
31.1366	-36.3442
31.5784	-35.9779
31.9827	-35.6354
32.353	-35.3154
32.6923	-35.0169
33.0033	-34.7386
33.2885	-34.4793
33.5502	-34.2381
33.7905	-34.0137
