/*--------------------------------*- C++ -*----------------------------------*\
  =========                 |
  \\      /  F ield         | OpenFOAM: The Open Source CFD Toolbox
   \\    /   O peration     | Website:  https://openfoam.org
    \\  /    A nd           | Version:  11
     \\/     M anipulation  |
\*---------------------------------------------------------------------------*/
FoamFile
{
    format      ascii;
    class       volScalarField;
    location    "0";
    object      p;
}
// * * * * * * * * * * * * * * * * * * * * * * * * * * * * * * * * * * * * * //

dimensions      [0 2 -2 0 0 0 0];

internalField   nonuniform List<scalar> 
4096
(
0.169146
0.168897
0.168454
0.167847
0.167096
0.16622
0.165231
0.164135
0.162938
0.161642
0.160248
0.158755
0.157162
0.155466
0.153665
0.151753
0.149729
0.147588
0.145325
0.142937
0.140419
0.137767
0.134976
0.132042
0.12896
0.125726
0.122335
0.118783
0.115066
0.111178
0.107117
0.102878
0.0984569
0.0938497
0.0890527
0.0840625
0.0788758
0.0734896
0.0679011
0.062108
0.0561085
0.049901
0.0434849
0.0368599
0.030027
0.0229877
0.015745
0.00830313
0.000668022
-0.00715237
-0.0151477
-0.0233045
-0.0316056
-0.0400292
-0.048547
-0.0571225
-0.0657081
-0.0742398
-0.0826297
-0.0907533
-0.0984254
-0.105356
-0.111062
-0.114673
0.167311
0.166689
0.165623
0.164225
0.162571
0.160711
0.15868
0.156503
0.154194
0.151766
0.149227
0.146582
0.143834
0.140986
0.138039
0.134994
0.131849
0.128605
0.125261
0.121815
0.118266
0.114612
0.110852
0.106985
0.103008
0.0989208
0.0947208
0.0904069
0.0859777
0.0814319
0.0767684
0.0719863
0.0670849
0.0620636
0.0569221
0.0516605
0.0462792
0.0407789
0.0351607
0.0294262
0.0235774
0.017617
0.0115484
0.00537533
-0.000897375
-0.00726418
-0.0137186
-0.0202531
-0.0268591
-0.0335265
-0.0402438
-0.0469981
-0.0537741
-0.0605545
-0.0673186
-0.0740422
-0.0806952
-0.0872393
-0.0936226
-0.0997707
-0.105568
-0.11082
-0.115181
-0.117992
0.162253
0.16179
0.160936
0.159754
0.158298
0.156609
0.15472
0.152659
0.150445
0.148093
0.145615
0.143021
0.140315
0.137503
0.134589
0.131574
0.12846
0.125248
0.121937
0.118527
0.115018
0.111409
0.1077
0.103887
0.099972
0.0959518
0.0918256
0.0875921
0.0832501
0.0787983
0.0742358
0.0695613
0.0647742
0.0598737
0.0548593
0.0497305
0.0444874
0.0391301
0.033659
0.0280748
0.0223788
0.0165723
0.0106574
0.00463638
-0.00148774
-0.00771147
-0.0140306
-0.0204403
-0.0269348
-0.0335073
-0.04015
-0.0468533
-0.053606
-0.0603942
-0.0672004
-0.0740018
-0.0807674
-0.0874533
-0.0939953
-0.100295
-0.106197
-0.111454
-0.115669
-0.118221
0.15507
0.154751
0.154125
0.15321
0.152032
0.150615
0.148983
0.147158
0.145158
0.142999
0.140693
0.138252
0.135684
0.132997
0.130195
0.127283
0.124264
0.121141
0.117915
0.114587
0.111158
0.107628
0.103997
0.100265
0.0964309
0.0924939
0.0884533
0.0843083
0.0800579
0.0757011
0.0712369
0.0666643
0.0619827
0.057191
0.0522886
0.047275
0.0421497
0.0369125
0.0315632
0.026102
0.0205293
0.0148458
0.00905244
0.00315063
-0.00285787
-0.00897078
-0.0151852
-0.0214977
-0.0279036
-0.0343973
-0.0409719
-0.0476181
-0.054324
-0.0610738
-0.067846
-0.0746107
-0.0813261
-0.0879317
-0.09434
-0.100423
-0.105996
-0.110791
-0.114446
-0.116501
0.147112
0.146868
0.146378
0.145648
0.144685
0.143503
0.142113
0.140529
0.138764
0.136829
0.134737
0.132496
0.130115
0.127602
0.124963
0.122203
0.119327
0.116337
0.113238
0.11003
0.106716
0.103297
0.099774
0.0961466
0.0924154
0.0885804
0.0846412
0.0805973
0.0764483
0.0721935
0.0678322
0.0633637
0.0587871
0.0541018
0.049307
0.0444021
0.0393865
0.0342598
0.0290217
0.0236719
0.0182105
0.0126378
0.0069544
0.00116123
-0.00474031
-0.0107483
-0.0168599
-0.0230717
-0.0293788
-0.0357747
-0.042251
-0.048796
-0.0553944
-0.0620251
-0.0686593
-0.0752578
-0.0817663
-0.08811
-0.0941865
-0.0998564
-0.104934
-0.109182
-0.11231
-0.114008
0.13884
0.13864
0.138237
0.13763
0.136822
0.135817
0.134622
0.133243
0.131688
0.129965
0.128082
0.126045
0.123863
0.121541
0.119085
0.1165
0.11379
0.110961
0.108013
0.104952
0.101778
0.0984934
0.0950999
0.0915984
0.0879896
0.084274
0.0804519
0.0765232
0.0724878
0.0683455
0.0640959
0.0597385
0.0552728
0.0506982
0.0460143
0.0412204
0.036316
0.0313008
0.0261744
0.0209368
0.0155879
0.0101282
0.0045584
-0.00112044
-0.00690656
-0.0127975
-0.0187898
-0.0248788
-0.0310582
-0.0373196
-0.0436515
-0.0500389
-0.0564617
-0.0628932
-0.0692978
-0.0756283
-0.0818226
-0.0877989
-0.0934513
-0.0986454
-0.103214
-0.10696
-0.109664
-0.111106
0.130489
0.130319
0.129975
0.129455
0.128759
0.127888
0.126844
0.12563
0.124251
0.122711
0.121014
0.119166
0.117172
0.115036
0.112763
0.110357
0.107822
0.105161
0.102378
0.0994757
0.0964558
0.0933206
0.0900719
0.0867111
0.0832393
0.0796573
0.0759658
0.0721651
0.0682555
0.0642371
0.0601099
0.0558737
0.0515282
0.0470732
0.0425085
0.0378337
0.0330486
0.028153
0.023147
0.0180308
0.0128048
0.00746972
0.00202691
-0.00352185
-0.00917398
-0.014926
-0.0207731
-0.0267089
-0.0327251
-0.0388107
-0.0449513
-0.0511281
-0.0573171
-0.0634867
-0.0695969
-0.075596
-0.0814189
-0.0869838
-0.0921898
-0.0969148
-0.101016
-0.104333
-0.106698
-0.107947
0.1222
0.122052
0.121751
0.121295
0.120684
0.119915
0.11899
0.117909
0.116674
0.115288
0.113752
0.112071
0.110246
0.108282
0.106181
0.103947
0.101582
0.0990893
0.0964717
0.0937315
0.0908709
0.0878918
0.0847959
0.0815847
0.0782594
0.0748211
0.0712706
0.0676086
0.0638356
0.059952
0.055958
0.0518538
0.0476395
0.0433151
0.0388807
0.0343365
0.0296825
0.024919
0.0200466
0.015066
0.00997808
0.00478449
-0.000512747
-0.00591086
-0.0114061
-0.0169937
-0.0226673
-0.0284187
-0.0342374
-0.04011
-0.0460194
-0.051944
-0.0578567
-0.0637232
-0.0695011
-0.0751379
-0.0805692
-0.0857174
-0.0904904
-0.0947811
-0.0984693
-0.101425
-0.103514
-0.104611
0.114067
0.113935
0.113667
0.113261
0.112715
0.112027
0.111197
0.110223
0.109108
0.107851
0.106453
0.104916
0.103241
0.101431
0.0994879
0.097413
0.0952087
0.0928771
0.0904201
0.0878398
0.0851378
0.0823158
0.0793754
0.0763178
0.0731443
0.069856
0.0664538
0.0629384
0.0593107
0.0555711
0.0517202
0.0477584
0.0436862
0.0395039
0.0352119
0.0308109
0.0263014
0.0216842
0.0169604
0.0121314
0.00719887
0.00216522
-0.00296656
-0.00819264
-0.0135081
-0.0189067
-0.0243806
-0.0299199
-0.0355122
-0.0411423
-0.0467909
-0.0524347
-0.0580447
-0.0635857
-0.0690149
-0.0742811
-0.0793233
-0.0840701
-0.0884392
-0.0923381
-0.0956652
-0.0983137
-0.100176
-0.10115
0.106153
0.106033
0.105792
0.105426
0.104932
0.10431
0.103557
0.102673
0.101657
0.100509
0.0992284
0.0978168
0.0962744
0.094602
0.0928008
0.0908718
0.0888164
0.0866359
0.0843318
0.0819052
0.0793575
0.0766901
0.0739041
0.0710007
0.0679809
0.0648457
0.0615961
0.0582329
0.0547568
0.0511686
0.0474691
0.0436588
0.0397385
0.035709
0.031571
0.0273254
0.0229735
0.0185166
0.0139563
0.0092946
0.00453417
-0.000321878
-0.00526959
-0.0103041
-0.0154193
-0.0206077
-0.0258603
-0.0311656
-0.03651
-0.0418767
-0.0472454
-0.0525916
-0.0578859
-0.0630932
-0.0681721
-0.0730739
-0.077742
-0.082112
-0.0861113
-0.0896597
-0.0926715
-0.0950573
-0.0967282
-0.0976002
0.0985017
0.0983932
0.0981733
0.0978395
0.0973896
0.0968214
0.0961334
0.0953242
0.0943927
0.0933381
0.0921599
0.0908578
0.0894319
0.0878822
0.0862091
0.0844132
0.082495
0.0804553
0.0782948
0.0760144
0.073615
0.0710974
0.0684627
0.0657115
0.0628449
0.0598637
0.0567687
0.0535608
0.0502407
0.0468093
0.0432674
0.039616
0.0358559
0.0319883
0.0280142
0.023935
0.0197523
0.015468
0.0110844
0.00660406
0.00203032
-0.00263286
-0.0073807
-0.0122074
-0.0171059
-0.0220678
-0.0270828
-0.0321387
-0.0372207
-0.0423114
-0.0473899
-0.0524314
-0.0574069
-0.0622825
-0.0670188
-0.0715703
-0.0758856
-0.0799067
-0.0835698
-0.0868054
-0.0895403
-0.0916988
-0.0932062
-0.0939914
0.0911459
0.0910464
0.0908447
0.0905384
0.0901253
0.0896033
0.0889706
0.0882257
0.0873671
0.0863938
0.0853047
0.0840993
0.0827769
0.0813372
0.0797801
0.0781056
0.0763137
0.0744047
0.0723789
0.0702368
0.0679788
0.0656054
0.0631174
0.0605153
0.0577998
0.0549716
0.0520314
0.04898
0.0458183
0.0425471
0.0391673
0.0356801
0.0320865
0.0283878
0.0245856
0.0206815
0.0166775
0.012576
0.00837979
0.00409206
-0.000283274
-0.00474159
-0.00927737
-0.0138841
-0.018554
-0.0232778
-0.0280446
-0.0328415
-0.0376533
-0.0424622
-0.0472472
-0.0519842
-0.056645
-0.0611973
-0.0656042
-0.0698239
-0.0738097
-0.0775098
-0.0808679
-0.0838238
-0.086314
-0.088274
-0.0896396
-0.0903499
0.0841068
0.084015
0.0838289
0.0835464
0.0831651
0.0826831
0.0820986
0.0814098
0.0806152
0.0797135
0.0787035
0.0775842
0.0763548
0.0750146
0.073563
0.0719997
0.0703245
0.0685371
0.0666375
0.0646259
0.0625024
0.0602673
0.0579209
0.0554637
0.0528961
0.0502187
0.0474321
0.0445371
0.0415344
0.038425
0.0352099
0.0318902
0.0284673
0.0249426
0.021318
0.0175953
0.013777
0.00986578
0.00586483
0.0017779
-0.00239062
-0.00663557
-0.0109509
-0.0153296
-0.0197632
-0.0242422
-0.0287551
-0.0332888
-0.0378279
-0.0423546
-0.0468487
-0.0512864
-0.0556412
-0.0598825
-0.0639763
-0.0678841
-0.0715639
-0.0749694
-0.0780509
-0.0807555
-0.0830282
-0.084813
-0.0860544
-0.0866994
0.0773986
0.0773136
0.0771413
0.0768795
0.0765263
0.0760796
0.0755376
0.0748986
0.074161
0.0733234
0.0723844
0.0713429
0.0701978
0.0689482
0.0675933
0.0661326
0.0645654
0.0628914
0.0611104
0.0592221
0.0572264
0.0551235
0.0529134
0.0505964
0.0481729
0.0456432
0.043008
0.0402678
0.0374235
0.034476
0.0314263
0.0282757
0.0250257
0.0216778
0.0182342
0.0146969
0.0110686
0.00735234
0.00355168
-0.000329304
-0.00428585
-0.00831243
-0.0124026
-0.016549
-0.0207429
-0.0249744
-0.029232
-0.0335024
-0.0377706
-0.0420191
-0.0462283
-0.0503757
-0.0544361
-0.058381
-0.0621791
-0.0657954
-0.0691919
-0.0723271
-0.0751571
-0.0776351
-0.0797132
-0.0813422
-0.0824737
-0.083061
0.0710296
0.0709506
0.0707906
0.0705474
0.0702193
0.0698042
0.0693004
0.0687063
0.0680201
0.0672404
0.0663658
0.0653951
0.0643271
0.0631608
0.0618952
0.0605295
0.0590631
0.0574953
0.0558258
0.0540541
0.05218
0.0502033
0.0481242
0.0459426
0.0436588
0.0412732
0.0387862
0.0361983
0.0335105
0.0307235
0.0278386
0.0248569
0.0217801
0.01861
0.0153485
0.0119982
0.00856191
0.0050428
0.00144467
-0.00222813
-0.00597058
-0.00977692
-0.0136405
-0.0175537
-0.0215077
-0.0254926
-0.029497
-0.0335077
-0.0375101
-0.0414873
-0.0454206
-0.0492887
-0.0530681
-0.0567323
-0.0602526
-0.0635971
-0.0667314
-0.0696186
-0.0722193
-0.0744923
-0.0763952
-0.0778847
-0.0789182
-0.0794541
0.0650033
0.0649298
0.0647809
0.0645546
0.0642492
0.0638628
0.0633937
0.0628403
0.062201
0.0614743
0.0606589
0.0597533
0.0587564
0.0576671
0.0564844
0.0552074
0.0538352
0.0523672
0.0508028
0.0491415
0.047383
0.045527
0.0435734
0.0415223
0.0393736
0.0371278
0.0347852
0.0323464
0.0298121
0.0271833
0.024461
0.0216467
0.0187419
0.0157484
0.0126686
0.00950486
0.0062602
0.00293802
-0.000457775
-0.0039227
-0.00745159
-0.0110386
-0.0146769
-0.0183589
-0.0220759
-0.0258179
-0.0295738
-0.0333309
-0.037075
-0.04079
-0.0444582
-0.0480596
-0.0515722
-0.0549717
-0.0582317
-0.0613232
-0.0642151
-0.0668743
-0.0692656
-0.0713523
-0.0730967
-0.0744606
-0.075406
-0.0758959
0.0593195
0.059251
0.0591123
0.0589014
0.0586168
0.0582567
0.0578195
0.0573036
0.0567075
0.0560297
0.0552688
0.0544235
0.0534927
0.0524751
0.0513698
0.0501757
0.0488921
0.047518
0.046053
0.0444965
0.042848
0.0411072
0.0392739
0.037348
0.0353297
0.0332191
0.0310166
0.0287228
0.0263384
0.0238642
0.0213015
0.0186516
0.015916
0.0130969
0.0101963
0.00721691
0.00416176
0.00103431
-0.00216147
-0.00542101
-0.00873914
-0.0121099
-0.0155267
-0.0189819
-0.0224668
-0.0259719
-0.0294863
-0.0329978
-0.0364929
-0.0399563
-0.0433712
-0.0467191
-0.0499796
-0.0531303
-0.0561469
-0.0590032
-0.0616709
-0.0641203
-0.0663198
-0.0682366
-0.0698372
-0.0710873
-0.0719531
-0.0724016
0.0539749
0.0539111
0.0537817
0.0535851
0.0533197
0.0529839
0.0525762
0.052095
0.0515389
0.0509064
0.0501963
0.0494073
0.0485381
0.0475876
0.0465548
0.0454386
0.0442383
0.0429531
0.0415822
0.040125
0.0385811
0.0369502
0.035232
0.0334263
0.0315333
0.0295531
0.0274861
0.0253327
0.0230937
0.02077
0.0183627
0.0158732
0.0133032
0.0106545
0.00792946
0.00513071
0.0022613
-0.000675311
-0.00367512
-0.00673359
-0.00984558
-0.0130052
-0.016206
-0.0194404
-0.0227002
-0.025976
-0.0292574
-0.0325327
-0.0357891
-0.0390124
-0.0421867
-0.0452948
-0.0483178
-0.0512351
-0.0540246
-0.0566622
-0.0591226
-0.0613786
-0.0634021
-0.0651636
-0.066633
-0.0677797
-0.0685733
-0.0689843
0.0489637
0.0489042
0.0487835
0.0486001
0.0483526
0.0480394
0.0476591
0.0472102
0.0466914
0.0461013
0.0454386
0.0447022
0.0438907
0.0430032
0.0420386
0.0409959
0.0398742
0.0386729
0.0373911
0.0360283
0.034584
0.0330578
0.0314495
0.0297589
0.0279861
0.0261312
0.0241945
0.0221766
0.0200781
0.0179
0.0156433
0.0133095
0.0109001
0.00841709
0.00586276
0.00323972
0.00055098
-0.0022
-0.00500929
-0.00787243
-0.0107843
-0.0137394
-0.0167311
-0.0197523
-0.022795
-0.0258503
-0.0289083
-0.0319578
-0.0349869
-0.037982
-0.0409285
-0.0438105
-0.0466103
-0.0493092
-0.0518868
-0.0543214
-0.0565898
-0.0586676
-0.0605293
-0.0621484
-0.0634979
-0.0645503
-0.0652782
-0.0656549
0.044278
0.0442224
0.0441099
0.0439389
0.0437081
0.043416
0.0430613
0.0426427
0.0421588
0.0416084
0.0409902
0.040303
0.0395459
0.0387176
0.0378172
0.0368438
0.0357964
0.0346745
0.0334771
0.0322039
0.0308542
0.0294278
0.0279243
0.0263436
0.0246858
0.0229509
0.0211394
0.0192516
0.0172883
0.0152504
0.0131389
0.0109552
0.00870094
0.00637802
0.00398866
0.00153544
-0.00097868
-0.00355031
-0.00617561
-0.00885023
-0.0115693
-0.0143272
-0.0171179
-0.0199345
-0.0227692
-0.0256137
-0.0284585
-0.0312932
-0.0341065
-0.0368858
-0.0396174
-0.0422866
-0.0448773
-0.0473721
-0.0497524
-0.0519984
-0.0540891
-0.0560023
-0.0577151
-0.0592035
-0.0604431
-0.0614092
-0.0620771
-0.0624226
0.0399082
0.0398564
0.0397515
0.0395921
0.0393769
0.0391047
0.038774
0.0383838
0.0379326
0.0374194
0.0368431
0.0362024
0.0354963
0.0347238
0.033884
0.032976
0.0319989
0.0309521
0.0298348
0.0286465
0.0273867
0.0260551
0.0246514
0.0231755
0.0216274
0.0200072
0.0183153
0.0165521
0.0147184
0.0128149
0.0108427
0.00880323
0.006698
0.0045289
0.0022981
8.10705e-06
-0.00233819
-0.00473752
-0.00718615
-0.00967989
-0.012214
-0.0147833
-0.0173817
-0.0200028
-0.0226393
-0.0252832
-0.0279256
-0.0305567
-0.0331659
-0.0357417
-0.0382712
-0.0407408
-0.0431357
-0.04544
-0.0476367
-0.0497076
-0.0516338
-0.053395
-0.0549706
-0.0563388
-0.0574775
-0.0583645
-0.0589775
-0.0592945
0.0358437
0.0357954
0.0356976
0.0355491
0.0353486
0.035095
0.0347869
0.0344233
0.034003
0.0335249
0.0329879
0.0323909
0.0317329
0.0310131
0.0302305
0.0293842
0.0284735
0.0274978
0.0264562
0.0253485
0.0241739
0.0229324
0.0216235
0.0202473
0.0188036
0.0172927
0.0157149
0.0140706
0.0123605
0.0105854
0.00874646
0.00684486
0.00488217
0.00286021
0.000781089
-0.00135277
-0.00353859
-0.0057732
-0.00805304
-0.0103741
-0.0127318
-0.0151212
-0.0175367
-0.019972
-0.0224203
-0.024874
-0.0273249
-0.0297638
-0.0321807
-0.034565
-0.0369048
-0.0391876
-0.0413996
-0.0435263
-0.0455522
-0.0474608
-0.0492346
-0.0508554
-0.0523044
-0.0535619
-0.054608
-0.0554224
-0.055985
-0.0562759
0.0320726
0.0320277
0.0319366
0.0317983
0.0316117
0.0313755
0.0310887
0.0307502
0.0303589
0.0299138
0.0294138
0.028858
0.0282455
0.0275753
0.0268466
0.0260586
0.0252107
0.0243021
0.0233323
0.0223007
0.021207
0.0200507
0.0188318
0.0175502
0.0162057
0.0147986
0.0133293
0.0117981
0.0102057
0.00855285
0.0068407
0.00507043
0.00324353
0.00136175
-0.000572876
-0.00255803
-0.00459103
-0.00666888
-0.00878814
-0.010945
-0.0131352
-0.0153539
-0.0175958
-0.0198552
-0.0221255
-0.0243997
-0.02667
-0.0289279
-0.0311642
-0.0333688
-0.035531
-0.0376391
-0.0396805
-0.041642
-0.0435092
-0.0452671
-0.0468998
-0.0483909
-0.0497231
-0.0508787
-0.0518395
-0.0525872
-0.0531035
-0.0533704
0.0285826
0.0285408
0.0284561
0.0283274
0.0281538
0.027934
0.0276672
0.0273524
0.0269884
0.0265743
0.0261092
0.0255922
0.0250225
0.0243991
0.0237213
0.0229884
0.0221997
0.0213545
0.0204524
0.0194929
0.0184755
0.0174001
0.0162663
0.0150742
0.0138237
0.0125151
0.0111486
0.00972462
0.00824386
0.0067071
0.00511532
0.00346971
0.00177172
2.30037e-05
-0.00177449
-0.00361854
-0.00550659
-0.00743579
-0.00940288
-0.0114042
-0.0134358
-0.0154931
-0.0175712
-0.0196645
-0.0217671
-0.0238722
-0.0259727
-0.0280606
-0.0301275
-0.032164
-0.0341602
-0.0361053
-0.0379878
-0.0397955
-0.0415153
-0.0431336
-0.0446359
-0.046007
-0.0472314
-0.048293
-0.0491753
-0.0498617
-0.0503355
-0.0505803
0.0253606
0.0253218
0.025243
0.0251235
0.024962
0.0247578
0.0245099
0.0242172
0.0238789
0.0234941
0.0230619
0.0225815
0.022052
0.0214727
0.0208429
0.0201618
0.0194289
0.0186436
0.0178054
0.0169139
0.0159687
0.0149695
0.0139162
0.0128087
0.0116471
0.0104315
0.00916228
0.0078398
0.0064647
0.00503773
0.00355986
0.00203223
0.000456208
-0.00116661
-0.00283438
-0.00454498
-0.006296
-0.00808472
-0.00990809
-0.0117627
-0.0136447
-0.0155498
-0.0174735
-0.0194106
-0.0213554
-0.0233018
-0.025243
-0.0271718
-0.0290802
-0.0309596
-0.0328009
-0.0345941
-0.0363288
-0.0379936
-0.0395768
-0.0410657
-0.0424471
-0.0437075
-0.0448324
-0.0458073
-0.0466173
-0.0472472
-0.0476819
-0.0479064
0.0223936
0.0223575
0.0222844
0.0221733
0.0220234
0.0218338
0.0216035
0.0213318
0.0210177
0.0206604
0.0202591
0.0198131
0.0193215
0.0187837
0.0181991
0.0175669
0.0168866
0.0161576
0.0153797
0.0145522
0.013675
0.0127477
0.0117703
0.0107427
0.00966486
0.00853708
0.00735961
0.00613289
0.00485748
0.00353414
0.00216377
0.000747468
-0.000713466
-0.00221751
-0.00376293
-0.0053477
-0.00696955
-0.00862593
-0.0103139
-0.0120304
-0.0137717
-0.0155338
-0.0173125
-0.019103
-0.0208999
-0.0226976
-0.0244898
-0.0262697
-0.0280301
-0.029763
-0.03146
-0.0331119
-0.0347092
-0.0362415
-0.0376979
-0.0390669
-0.0403367
-0.0414946
-0.0425278
-0.0434228
-0.0441661
-0.044744
-0.0451427
-0.0453486
0.0196682
0.0196347
0.0195669
0.0194638
0.0193248
0.0191488
0.0189352
0.0186831
0.0183917
0.0180603
0.0176881
0.0172744
0.0168185
0.0163197
0.0157775
0.0151913
0.0145604
0.0138846
0.0131632
0.0123961
0.0115828
0.0107232
0.0098172
0.00886472
0.00786584
0.00682072
0.00572966
0.00459309
0.00341156
0.00218577
0.000916596
-0.000394918
-0.00174754
-0.00313983
-0.00457015
-0.00603659
-0.00753702
-0.00906903
-0.0106299
-0.0122166
-0.0138259
-0.015454
-0.0170968
-0.01875
-0.0204086
-0.0220673
-0.0237203
-0.0253614
-0.0269838
-0.0285802
-0.030143
-0.0316636
-0.0331333
-0.0345426
-0.0358816
-0.0371399
-0.0383063
-0.0393697
-0.0403181
-0.0411394
-0.0418214
-0.0423514
-0.042717
-0.0429057
0.0171712
0.0171401
0.0170772
0.0169817
0.0168528
0.0166897
0.0164917
0.0162581
0.015988
0.0156809
0.015336
0.0149527
0.0145303
0.0140682
0.0135658
0.0130227
0.0124383
0.0118123
0.0111441
0.0104336
0.00968047
0.00888448
0.00804556
0.00716369
0.00623894
0.00527149
0.00426162
0.00320975
0.0021164
0.000982249
-0.000191874
-0.00140498
-0.00265591
-0.0039433
-0.0052656
-0.00662103
-0.00800758
-0.00942299
-0.0108647
-0.01233
-0.0138157
-0.0153183
-0.0168342
-0.018359
-0.0198884
-0.0214174
-0.0229407
-0.0244524
-0.0259465
-0.0274161
-0.0288541
-0.0302528
-0.0316042
-0.0328996
-0.03413
-0.0352857
-0.0363567
-0.0373327
-0.038203
-0.0389564
-0.0395817
-0.0400677
-0.0404027
-0.0405758
0.0148894
0.0148606
0.0148024
0.0147139
0.0145945
0.0144435
0.0142602
0.0140439
0.0137938
0.0135095
0.0131902
0.0128353
0.0124443
0.0120166
0.0115516
0.011049
0.0105082
0.00992888
0.00931066
0.00865327
0.00795648
0.00722013
0.00644413
0.00562848
0.00477326
0.00387864
0.00294491
0.00197245
0.000961778
-8.64678e-05
-0.0011715
-0.00229239
-0.00344804
-0.00463717
-0.00585832
-0.00710983
-0.00838981
-0.00969616
-0.0110265
-0.0123782
-0.0137485
-0.015134
-0.0165313
-0.0179365
-0.0193455
-0.0207537
-0.0221562
-0.0235477
-0.0249224
-0.0262741
-0.0275964
-0.0288822
-0.030124
-0.031314
-0.0324438
-0.0335047
-0.0344876
-0.035383
-0.0361812
-0.036872
-0.0374452
-0.0378905
-0.0381976
-0.0383561
0.01281
0.0127834
0.0127295
0.0126476
0.0125372
0.0123975
0.0122279
0.0120278
0.0117965
0.0115335
0.0112382
0.01091
0.0105484
0.0101529
0.00972296
0.00925821
0.00875823
0.00822266
0.00765118
0.00704354
0.00639953
0.00571903
0.00500195
0.0042483
0.00345817
0.00263174
0.00176926
0.000871133
-6.21722e-05
-0.00103004
-0.00203174
-0.00306638
-0.00413293
-0.0052302
-0.00635681
-0.00751122
-0.00869167
-0.00989618
-0.0111226
-0.0123684
-0.0136309
-0.0149073
-0.0161942
-0.017488
-0.018785
-0.0200809
-0.0213711
-0.0226508
-0.0239148
-0.0251573
-0.0263723
-0.0275534
-0.0286938
-0.0297862
-0.0308231
-0.0317965
-0.032698
-0.0335191
-0.0342508
-0.0348839
-0.0354092
-0.0358172
-0.0360984
-0.0362435
0.0109205
0.0108959
0.0108461
0.0107704
0.0106683
0.0105392
0.0103825
0.0101975
0.00998382
0.00974079
0.00946791
0.00916466
0.00883057
0.00846516
0.00806801
0.00763871
0.00717689
0.00668224
0.00615447
0.00559335
0.0049987
0.0043704
0.0037084
0.00301271
0.00228342
0.0015207
0.000724822
-0.000103865
-0.000964895
-0.00185769
-0.00278156
-0.00373567
-0.00471906
-0.00573061
-0.00676903
-0.00783288
-0.00892052
-0.0100301
-0.0111596
-0.0123068
-0.0134691
-0.0146439
-0.0158281
-0.0170184
-0.0182113
-0.0194028
-0.0205889
-0.021765
-0.0229263
-0.0240675
-0.0251832
-0.0262675
-0.0273141
-0.0283164
-0.0292675
-0.0301601
-0.0309865
-0.0317391
-0.0324095
-0.0329895
-0.0334706
-0.0338442
-0.0341016
-0.0342345
0.00920881
0.00918609
0.00914008
0.00907021
0.00897594
0.00885671
0.00871197
0.0085412
0.00834388
0.00811951
0.00786759
0.00758766
0.00727927
0.00694199
0.00657544
0.00617925
0.00575308
0.00529664
0.00480968
0.00429199
0.00374342
0.00316386
0.00255327
0.00191168
0.00123917
0.000535907
-0.000197846
-0.000961752
-0.00175537
-0.00257817
-0.00342947
-0.00430852
-0.00521441
-0.00614609
-0.00710236
-0.00808189
-0.00908313
-0.0101044
-0.0111438
-0.0121993
-0.0132684
-0.0143488
-0.0154376
-0.0165318
-0.0176281
-0.0187229
-0.0198124
-0.0208925
-0.0219587
-0.0230063
-0.0240301
-0.0250248
-0.0259848
-0.0269038
-0.0277757
-0.0285938
-0.0293511
-0.0300404
-0.0306544
-0.0311855
-0.0316259
-0.0319679
-0.0322035
-0.0323251
0.00766323
0.00764226
0.0075998
0.00753534
0.00744837
0.00733836
0.00720484
0.00704731
0.00686529
0.00665833
0.00642597
0.00616779
0.00588337
0.00557235
0.00523434
0.00486902
0.0044761
0.0040553
0.0036064
0.00312921
0.0026236
0.00208948
0.00152682
0.000935636
0.000316034
-0.000331825
-0.0010077
-0.00171127
-0.00244211
-0.00319972
-0.00398348
-0.00479266
-0.00562643
-0.00648381
-0.00736368
-0.0082648
-0.00918575
-0.0101249
-0.0110807
-0.0120509
-0.0130336
-0.0140264
-0.0150267
-0.0160318
-0.0170386
-0.0180438
-0.0190439
-0.0200351
-0.0210134
-0.0219743
-0.0229132
-0.0238253
-0.0247052
-0.0255475
-0.0263463
-0.0270956
-0.0277892
-0.0284204
-0.0289824
-0.0294685
-0.0298715
-0.0301843
-0.0303999
-0.0305111
0.00627257
0.00625324
0.0062141
0.00615468
0.0060745
0.00597311
0.00585004
0.00570484
0.00553709
0.00534635
0.00513222
0.00489431
0.00463224
0.00434567
0.00403426
0.00369771
0.00333575
0.00294815
0.00253469
0.00209522
0.00162961
0.00113779
0.000619739
7.54835e-05
-0.000494879
-0.00109119
-0.00171322
-0.00236065
-0.00303311
-0.00373011
-0.00445107
-0.00519532
-0.00596208
-0.00675042
-0.00755934
-0.00838765
-0.00923405
-0.0100971
-0.0109751
-0.0118664
-0.0127689
-0.0136805
-0.0145989
-0.0155214
-0.0164453
-0.0173676
-0.0182851
-0.0191941
-0.0200911
-0.020972
-0.0218326
-0.0226683
-0.0234744
-0.0242458
-0.0249773
-0.0256634
-0.0262982
-0.0268758
-0.0273901
-0.0278348
-0.0282034
-0.0284895
-0.0286865
-0.0287882
0.00502615
0.00500835
0.0049723
0.00491757
0.00484373
0.00475034
0.004637
0.00450329
0.00434882
0.00417319
0.00397603
0.00375699
0.00351572
0.0032519
0.00296524
0.00265546
0.00232232
0.00196559
0.00158511
0.00118071
0.000752305
0.000299819
-0.000176759
-0.000677392
-0.00120199
-0.00175039
-0.00232239
-0.00291768
-0.0035359
-0.00417661
-0.00483927
-0.00552324
-0.0062278
-0.0069521
-0.00769518
-0.00845597
-0.00923326
-0.0100257
-0.0108318
-0.0116499
-0.0124782
-0.0133146
-0.0141571
-0.0150033
-0.0158506
-0.0166962
-0.0175372
-0.0183704
-0.0191923
-0.0199994
-0.0207876
-0.021553
-0.022291
-0.0229972
-0.0236667
-0.0242945
-0.0248752
-0.0254036
-0.0258739
-0.0262805
-0.0266175
-0.026879
-0.0270591
-0.027152
0.00391379
0.00389741
0.00386423
0.00381387
0.00374592
0.00365999
0.0035557
0.00343268
0.00329055
0.00312897
0.00294759
0.00274609
0.00252416
0.0022815
0.00201784
0.00173294
0.00142657
0.00109854
0.000748691
0.000376884
-1.69697e-05
-0.000432923
-0.000870984
-0.00133111
-0.00181322
-0.00231715
-0.00284271
-0.00338962
-0.00395753
-0.00454602
-0.0051546
-0.00578268
-0.00642958
-0.00709452
-0.0077766
-0.00847485
-0.00918813
-0.0099152
-0.0106547
-0.0114051
-0.0121646
-0.0129316
-0.013704
-0.0144796
-0.0152561
-0.0160309
-0.0168014
-0.0175645
-0.0183172
-0.0190561
-0.0197777
-0.0204782
-0.0211536
-0.0217997
-0.0224121
-0.0229862
-0.0235173
-0.0240003
-0.0244302
-0.0248018
-0.0251097
-0.0253486
-0.0255132
-0.0255981
0.00292584
0.00291077
0.00288027
0.00283396
0.00277149
0.00269249
0.00259661
0.00248351
0.00235286
0.00220433
0.0020376
0.0018524
0.00164842
0.0014254
0.00118311
0.000921306
0.000639797
0.000338405
1.6985e-05
-0.000324579
-0.000686369
-0.00106843
-0.00147076
-0.00189332
-0.00233602
-0.00279872
-0.00328122
-0.00378327
-0.00430455
-0.00484467
-0.00540315
-0.00597946
-0.00657296
-0.00718293
-0.00780856
-0.00844891
-0.00910297
-0.00976958
-0.0104475
-0.0111352
-0.0118313
-0.0125341
-0.0132417
-0.0139522
-0.0146633
-0.0153728
-0.0160782
-0.0167767
-0.0174656
-0.0181417
-0.0188019
-0.0194426
-0.0200603
-0.0206511
-0.021211
-0.0217357
-0.0222211
-0.0226625
-0.0230553
-0.0233947
-0.023676
-0.0238941
-0.0240444
-0.0241219
0.00205316
0.00203932
0.0020113
0.00196876
0.00191136
0.00183879
0.00175072
0.00164684
0.00152683
0.00139041
0.00123729
0.0010672
0.000879882
0.000675094
0.000452614
0.000212236
-4.62186e-05
-0.000322909
-0.000617966
-0.000931492
-0.00126356
-0.0016142
-0.00198341
-0.00237116
-0.00277735
-0.00320185
-0.00364448
-0.004105
-0.0045831
-0.00507842
-0.00559054
-0.00611894
-0.00666303
-0.00722217
-0.00779557
-0.00838241
-0.00898172
-0.00959245
-0.0102134
-0.0108434
-0.0114809
-0.0121243
-0.0127722
-0.0134225
-0.0140733
-0.0147226
-0.015368
-0.016007
-0.0166371
-0.0172554
-0.017859
-0.0184447
-0.0190093
-0.0195492
-0.0200608
-0.0205402
-0.0209836
-0.0213867
-0.0217454
-0.0220553
-0.0223121
-0.0225112
-0.0226483
-0.022719
0.00128714
0.00127443
0.00124871
0.00120966
0.00115699
0.00109038
0.00100955
0.000914205
0.000804073
0.000678883
0.000538373
0.000382298
0.000210423
2.25281e-05
-0.000181588
-0.000402111
-0.000639203
-0.000893008
-0.00116364
-0.00145119
-0.00175573
-0.00207728
-0.00241583
-0.00277134
-0.00314374
-0.00353288
-0.00393861
-0.0043607
-0.00479885
-0.00525275
-0.00572198
-0.00620608
-0.00670451
-0.00721665
-0.00774181
-0.0082792
-0.00882795
-0.00938708
-0.00995551
-0.0105321
-0.0111155
-0.0117043
-0.012297
-0.0128918
-0.0134871
-0.0140809
-0.014671
-0.0152552
-0.0158311
-0.0163962
-0.0169478
-0.0174829
-0.0179987
-0.0184918
-0.018959
-0.0193968
-0.0198015
-0.0201695
-0.0204969
-0.0207797
-0.021014
-0.0211957
-0.0213207
-0.0213852
0.000619655
0.000608004
0.000584416
0.000548606
0.000500299
0.000439218
0.000365095
0.00027767
0.000176686
6.1899e-05
-6.69285e-05
-0.000210021
-0.000367592
-0.000539841
-0.00072695
-0.000929088
-0.0011464
-0.00137902
-0.00162704
-0.00189056
-0.00216961
-0.00246424
-0.00277442
-0.00310011
-0.00344125
-0.0037977
-0.0041693
-0.00455585
-0.00495709
-0.00537269
-0.0058023
-0.00624547
-0.00670171
-0.00717046
-0.00765106
-0.0081428
-0.00864487
-0.00915639
-0.00967635
-0.0102037
-0.0107372
-0.0112756
-0.0118174
-0.0123612
-0.0129053
-0.0134479
-0.0139871
-0.0145209
-0.015047
-0.0155631
-0.0160668
-0.0165555
-0.0170263
-0.0174765
-0.0179029
-0.0183024
-0.0186717
-0.0190074
-0.019306
-0.019564
-0.0197777
-0.0199433
-0.0200574
-0.0201162
4.30931e-05
3.24173e-05
1.08032e-05
-2.20072e-05
-6.62689e-05
-0.000122232
-0.000190142
-0.000270237
-0.000362751
-0.000467907
-0.00058592
-0.000716995
-0.000861326
-0.00101909
-0.00119046
-0.00137559
-0.0015746
-0.00178762
-0.00201473
-0.00225601
-0.0025115
-0.00278122
-0.00306517
-0.0033633
-0.00367554
-0.00400177
-0.00434184
-0.00469556
-0.00506268
-0.00544292
-0.00583593
-0.00624131
-0.00665861
-0.0070873
-0.00752679
-0.00797641
-0.00843543
-0.00890303
-0.0093783
-0.00986024
-0.0103478
-0.0108397
-0.0113348
-0.0118315
-0.0123285
-0.012824
-0.0133164
-0.0138037
-0.0142839
-0.0147551
-0.0152148
-0.0156607
-0.0160903
-0.0165009
-0.0168899
-0.0172542
-0.017591
-0.0178971
-0.0181694
-0.0184045
-0.0185993
-0.0187503
-0.0188542
-0.0189078
-0.000449698
-0.000459471
-0.000479257
-0.000509292
-0.000549809
-0.000601036
-0.000663196
-0.000736509
-0.000821185
-0.000917429
-0.00102544
-0.00114539
-0.00127748
-0.00142185
-0.00157866
-0.00174806
-0.00193014
-0.00212503
-0.00233281
-0.00255353
-0.00278724
-0.00303396
-0.00329367
-0.00356633
-0.00385187
-0.00415018
-0.00446113
-0.00478453
-0.00512016
-0.00546774
-0.00582698
-0.00619748
-0.00657884
-0.00697058
-0.00737214
-0.00778292
-0.00820225
-0.00862936
-0.00906344
-0.00950357
-0.00994875
-0.0103979
-0.0108498
-0.0113033
-0.0117568
-0.0122091
-0.0126583
-0.0131029
-0.0135411
-0.0139708
-0.01439
-0.0147967
-0.0151884
-0.0155628
-0.0159173
-0.0162494
-0.0165563
-0.0168353
-0.0170834
-0.0172976
-0.017475
-0.0176125
-0.0177072
-0.017756
-0.000865418
-0.000874356
-0.000892451
-0.000919918
-0.000956971
-0.00100382
-0.00106066
-0.0011277
-0.00120512
-0.00129313
-0.00139188
-0.00150156
-0.00162231
-0.0017543
-0.00189766
-0.00205251
-0.00221895
-0.00239709
-0.002587
-0.00278872
-0.00300231
-0.00322777
-0.00346508
-0.00371422
-0.0039751
-0.00424764
-0.0045317
-0.00482711
-0.00513367
-0.00545113
-0.00577919
-0.00611753
-0.00646574
-0.00682339
-0.00718999
-0.00756497
-0.0079477
-0.00833751
-0.00873364
-0.00913524
-0.00954141
-0.00995116
-0.0103634
-0.010777
-0.0111906
-0.011603
-0.0120126
-0.012418
-0.0128173
-0.013209
-0.0135911
-0.0139617
-0.0143186
-0.0146597
-0.0149826
-0.0152851
-0.0155647
-0.0158187
-0.0160446
-0.0162396
-0.0164011
-0.0165263
-0.0166125
-0.0166569
-0.00121032
-0.00121849
-0.00123502
-0.00126011
-0.00129396
-0.00133675
-0.00138868
-0.00144991
-0.00152064
-0.00160102
-0.00169122
-0.00179139
-0.00190168
-0.00202222
-0.00215314
-0.00229454
-0.00244654
-0.00260919
-0.00278259
-0.00296677
-0.00316177
-0.00336759
-0.00358423
-0.00381164
-0.00404977
-0.00429851
-0.00455775
-0.00482733
-0.00510707
-0.00539672
-0.00569604
-0.0060047
-0.00632235
-0.00664858
-0.00698293
-0.00732491
-0.00767393
-0.00802937
-0.00839053
-0.00875665
-0.00912691
-0.00950038
-0.0098761
-0.010253
-0.0106299
-0.0110056
-0.0113788
-0.011748
-0.0121118
-0.0124685
-0.0128164
-0.0131538
-0.0134788
-0.0137893
-0.0140833
-0.0143586
-0.014613
-0.0148441
-0.0150496
-0.0152271
-0.015374
-0.0154879
-0.0155663
-0.0156067
-0.00149025
-0.00149771
-0.00151279
-0.00153569
-0.00156657
-0.00160562
-0.001653
-0.00170887
-0.0017734
-0.00184673
-0.00192902
-0.00202041
-0.00212102
-0.00223098
-0.00235041
-0.00247939
-0.00261802
-0.00276638
-0.00292453
-0.0030925
-0.00327033
-0.00345802
-0.00365556
-0.00386291
-0.00408002
-0.0043068
-0.00454314
-0.00478888
-0.00504387
-0.00530788
-0.00558067
-0.00586196
-0.00615142
-0.00644868
-0.00675333
-0.00706488
-0.00738283
-0.0077066
-0.00803555
-0.008369
-0.00870617
-0.00904626
-0.00938834
-0.00973147
-0.0100746
-0.0104166
-0.0107562
-0.0110922
-0.0114233
-0.0117478
-0.0120644
-0.0123713
-0.0126669
-0.0129493
-0.0132167
-0.0134671
-0.0136984
-0.0139085
-0.0140954
-0.0142567
-0.0143903
-0.0144938
-0.014565
-0.0146017
-0.00171066
-0.00171745
-0.00173119
-0.00175206
-0.0017802
-0.00181579
-0.00185896
-0.00190987
-0.00196867
-0.00203549
-0.00211047
-0.00219374
-0.0022854
-0.00238559
-0.00249438
-0.00261189
-0.00273818
-0.00287332
-0.00301738
-0.00317037
-0.00333234
-0.00350329
-0.00368319
-0.00387202
-0.00406973
-0.00427623
-0.00449142
-0.00471516
-0.00494731
-0.00518766
-0.00543598
-0.00569203
-0.00595549
-0.00622603
-0.00650328
-0.00678679
-0.0070761
-0.00737068
-0.00766996
-0.0079733
-0.00828001
-0.00858934
-0.00890047
-0.00921251
-0.00952453
-0.00983548
-0.0101443
-0.0104498
-0.0107507
-0.0110457
-0.0113334
-0.0116123
-0.0118809
-0.0121375
-0.0123805
-0.0126079
-0.012818
-0.0130089
-0.0131786
-0.0133251
-0.0134464
-0.0135404
-0.0136051
-0.0136385
-0.0018766
-0.00188278
-0.00189529
-0.00191428
-0.00193989
-0.00197227
-0.00201155
-0.00205787
-0.00211137
-0.00217217
-0.00224038
-0.00231614
-0.00239953
-0.00249067
-0.00258965
-0.00269654
-0.00281142
-0.00293435
-0.00306537
-0.00320453
-0.00335184
-0.00350731
-0.00367092
-0.00384264
-0.00402243
-0.0042102
-0.00440586
-0.00460929
-0.00482035
-0.00503885
-0.0052646
-0.00549734
-0.00573682
-0.00598272
-0.00623469
-0.00649234
-0.00675524
-0.00702292
-0.00729484
-0.00757044
-0.00784907
-0.00813007
-0.00841267
-0.00869609
-0.00897946
-0.00926185
-0.00954225
-0.00981962
-0.0100928
-0.0103606
-0.0106218
-0.010875
-0.0111188
-0.0113517
-0.0115721
-0.0117785
-0.0119692
-0.0121424
-0.0122963
-0.0124292
-0.0125393
-0.0126245
-0.0126832
-0.0127134
-0.00199281
-0.00199842
-0.00200979
-0.00202703
-0.0020503
-0.00207971
-0.00211539
-0.00215747
-0.00220606
-0.00226128
-0.00232324
-0.00239204
-0.00246778
-0.00255055
-0.00264044
-0.00273751
-0.00284183
-0.00295346
-0.00307244
-0.0031988
-0.00333256
-0.00347372
-0.00362226
-0.00377817
-0.00394139
-0.00411185
-0.00428947
-0.00447413
-0.00466571
-0.00486403
-0.00506892
-0.00528015
-0.00549748
-0.00572062
-0.00594926
-0.00618305
-0.00642159
-0.00666444
-0.00691113
-0.00716113
-0.00741388
-0.00766875
-0.00792507
-0.0081821
-0.00843907
-0.00869514
-0.00894939
-0.00920087
-0.00944855
-0.00969134
-0.00992808
-0.0101576
-0.0103785
-0.0105896
-0.0107893
-0.0109764
-0.0111491
-0.011306
-0.0114455
-0.0115659
-0.0116656
-0.0117428
-0.011796
-0.0118234
-0.00206368
-0.00206877
-0.00207907
-0.00209471
-0.0021158
-0.00214246
-0.0021748
-0.00221294
-0.00225699
-0.00230704
-0.0023632
-0.00242556
-0.00249421
-0.00256923
-0.0026507
-0.00273868
-0.00283323
-0.00293439
-0.00304222
-0.00315673
-0.00327794
-0.00340586
-0.00354046
-0.00368173
-0.00382962
-0.00398407
-0.004145
-0.00431231
-0.00448587
-0.00466554
-0.00485114
-0.00504249
-0.00523935
-0.00544147
-0.00564855
-0.00586029
-0.00607632
-0.00629625
-0.00651964
-0.00674602
-0.00697487
-0.00720563
-0.00743769
-0.00767038
-0.007903
-0.00813479
-0.00836492
-0.00859253
-0.00881668
-0.0090364
-0.00925063
-0.00945828
-0.00965819
-0.00984915
-0.0100299
-0.0101991
-0.0103553
-0.0104973
-0.0106234
-0.0107323
-0.0108225
-0.0108923
-0.0109404
-0.0109652
-0.00209333
-0.00209793
-0.00210724
-0.00212138
-0.00214045
-0.00216456
-0.00219381
-0.0022283
-0.00226812
-0.00231338
-0.00236417
-0.00242055
-0.00248262
-0.00255046
-0.00262411
-0.00270366
-0.00278914
-0.00288061
-0.0029781
-0.00308162
-0.00319121
-0.00330685
-0.00342854
-0.00355625
-0.00368994
-0.00382956
-0.00397503
-0.00412626
-0.00428314
-0.00444553
-0.00461329
-0.00478623
-0.00496415
-0.00514681
-0.00533396
-0.0055253
-0.00572051
-0.00591924
-0.00612109
-0.00632563
-0.0065324
-0.00674088
-0.00695052
-0.00716072
-0.00737085
-0.00758022
-0.00778808
-0.00799365
-0.00819609
-0.0083945
-0.00858796
-0.00877546
-0.00895597
-0.00912837
-0.00929154
-0.00944427
-0.00958534
-0.00971347
-0.00982735
-0.00992565
-0.010007
-0.0100701
-0.0101134
-0.0101358
-0.00208561
-0.00208976
-0.00209815
-0.0021109
-0.00212809
-0.00214983
-0.0021762
-0.00220729
-0.0022432
-0.002284
-0.00232978
-0.00238061
-0.00243657
-0.00249772
-0.00256413
-0.00263584
-0.0027129
-0.00279536
-0.00288324
-0.00297657
-0.00307536
-0.00317961
-0.0032893
-0.00340443
-0.00352494
-0.0036508
-0.00378192
-0.00391824
-0.00405965
-0.00420603
-0.00435724
-0.00451312
-0.00467347
-0.00483811
-0.00500678
-0.00517922
-0.00535515
-0.00553424
-0.00571614
-0.00590045
-0.00608677
-0.00627462
-0.00646351
-0.00665291
-0.00684223
-0.00703085
-0.0072181
-0.00740329
-0.00758565
-0.00776437
-0.00793862
-0.0081075
-0.00827006
-0.00842533
-0.00857227
-0.0087098
-0.00883683
-0.0089522
-0.00905474
-0.00914324
-0.0092165
-0.00927327
-0.00931232
-0.00933245
-0.00204415
-0.00204788
-0.00205542
-0.00206687
-0.00208232
-0.00210184
-0.00212552
-0.00215345
-0.0021857
-0.00222235
-0.00226347
-0.00230914
-0.0023594
-0.00241433
-0.00247398
-0.0025384
-0.00260762
-0.00268169
-0.00276064
-0.00284447
-0.00293322
-0.00302686
-0.0031254
-0.00322882
-0.00333708
-0.00345014
-0.00356794
-0.00369039
-0.00381742
-0.00394891
-0.00408474
-0.00422477
-0.00436881
-0.0045167
-0.00466821
-0.0048231
-0.00498113
-0.00514199
-0.00530537
-0.00547091
-0.00563825
-0.00580697
-0.00597661
-0.0061467
-0.00631672
-0.00648611
-0.00665426
-0.00682055
-0.00698429
-0.00714477
-0.00730121
-0.00745283
-0.00759878
-0.00773816
-0.00787007
-0.00799353
-0.00810754
-0.0082111
-0.00830313
-0.00838257
-0.00844832
-0.00849927
-0.00853433
-0.0085524
-0.0019724
-0.00197573
-0.00198248
-0.00199271
-0.00200652
-0.00202398
-0.00204515
-0.00207012
-0.00209896
-0.00213173
-0.0021685
-0.00220933
-0.00225428
-0.0023034
-0.00235674
-0.00241434
-0.00247625
-0.00254249
-0.0026131
-0.00268808
-0.00276745
-0.0028512
-0.00293934
-0.00303184
-0.00312868
-0.0032298
-0.00333517
-0.0034447
-0.00355833
-0.00367595
-0.00379745
-0.0039227
-0.00405155
-0.00418384
-0.00431937
-0.00445792
-0.00459928
-0.00474317
-0.00488931
-0.00503739
-0.00518707
-0.00533798
-0.00548972
-0.00564185
-0.00579392
-0.00594541
-0.00609581
-0.00624452
-0.00639096
-0.00653447
-0.00667437
-0.00680995
-0.00694044
-0.00706507
-0.007183
-0.00729337
-0.0073953
-0.00748787
-0.00757014
-0.00764115
-0.00769992
-0.00774547
-0.00777681
-0.00779297
-0.0018736
-0.00187656
-0.00188256
-0.00189166
-0.00190393
-0.00191944
-0.00193826
-0.00196046
-0.00198609
-0.00201523
-0.00204792
-0.00208422
-0.00212418
-0.00216785
-0.00221528
-0.00226651
-0.00232156
-0.00238048
-0.00244327
-0.00250996
-0.00258055
-0.00265506
-0.00273346
-0.00281574
-0.00290189
-0.00299185
-0.00308559
-0.00318304
-0.00328414
-0.00338879
-0.00349689
-0.00360834
-0.00372299
-0.00384069
-0.00396129
-0.00408458
-0.00421036
-0.00433839
-0.00446843
-0.0046002
-0.00473339
-0.00486767
-0.00500269
-0.00513806
-0.00527337
-0.00540817
-0.00554198
-0.0056743
-0.00580458
-0.00593226
-0.00605672
-0.00617732
-0.00629341
-0.00640426
-0.00650914
-0.0066073
-0.00669795
-0.00678026
-0.00685341
-0.00691654
-0.00696879
-0.00700928
-0.00703715
-0.00705152
-0.00175084
-0.00175345
-0.00175874
-0.00176676
-0.00177759
-0.00179127
-0.00180788
-0.00182746
-0.00185008
-0.00187578
-0.00190463
-0.00193667
-0.00197194
-0.00201049
-0.00205236
-0.00209758
-0.00214619
-0.00219821
-0.00225366
-0.00231256
-0.00237491
-0.00244071
-0.00250997
-0.00258265
-0.00265876
-0.00273824
-0.00282106
-0.00290716
-0.00299649
-0.00308896
-0.00318449
-0.00328298
-0.0033843
-0.00348832
-0.0035949
-0.00370386
-0.00381503
-0.00392819
-0.00404313
-0.00415959
-0.00427731
-0.004396
-0.00451534
-0.00463499
-0.00475458
-0.00487372
-0.00499198
-0.00510892
-0.00522406
-0.00533688
-0.00544686
-0.00555343
-0.00565598
-0.00575391
-0.00584656
-0.00593325
-0.00601329
-0.00608597
-0.00615054
-0.00620626
-0.00625237
-0.0062881
-0.0063127
-0.00632538
-0.00160702
-0.00160931
-0.00161392
-0.00162093
-0.00163038
-0.00164234
-0.00165684
-0.00167395
-0.00169371
-0.00171617
-0.00174138
-0.00176938
-0.00180022
-0.00183392
-0.00187054
-0.00191009
-0.00195261
-0.00199811
-0.00204663
-0.00209816
-0.00215272
-0.00221032
-0.00227093
-0.00233456
-0.00240119
-0.00247077
-0.00254329
-0.00261869
-0.00269691
-0.00277789
-0.00286156
-0.00294782
-0.00303656
-0.00312768
-0.00322103
-0.00331648
-0.00341387
-0.003513
-0.00361369
-0.00371572
-0.00381886
-0.00392284
-0.00402739
-0.00413221
-0.00423698
-0.00434135
-0.00444495
-0.00454738
-0.00464823
-0.00474705
-0.00484337
-0.00493668
-0.00502647
-0.00511219
-0.00519328
-0.00526913
-0.00533914
-0.00540269
-0.00545913
-0.00550782
-0.0055481
-0.0055793
-0.00560076
-0.00561183
-0.00144496
-0.00144692
-0.0014509
-0.00145693
-0.00146508
-0.00147537
-0.00148787
-0.00150262
-0.00151965
-0.00153903
-0.00156077
-0.00158493
-0.00161155
-0.00164065
-0.00167226
-0.00170642
-0.00174315
-0.00178247
-0.00182439
-0.00186894
-0.00191611
-0.0019659
-0.00201832
-0.00207335
-0.00213097
-0.00219117
-0.0022539
-0.00231913
-0.00238682
-0.0024569
-0.0025293
-0.00260395
-0.00268076
-0.00275963
-0.00284044
-0.00292306
-0.00300736
-0.00309318
-0.00318035
-0.00326868
-0.00335797
-0.00344799
-0.0035385
-0.00362925
-0.00371995
-0.0038103
-0.00389997
-0.00398864
-0.00407592
-0.00416143
-0.00424476
-0.00432548
-0.00440313
-0.00447724
-0.00454732
-0.00461285
-0.0046733
-0.00472813
-0.00477679
-0.00481874
-0.0048534
-0.00488023
-0.00489867
-0.00490817
-0.00126731
-0.00126897
-0.00127232
-0.00127742
-0.0012843
-0.001293
-0.00130357
-0.00131605
-0.00133047
-0.00134687
-0.0013653
-0.00138578
-0.00140835
-0.00143304
-0.00145987
-0.00148888
-0.00152007
-0.00155347
-0.0015891
-0.00162696
-0.00166706
-0.0017094
-0.00175398
-0.00180079
-0.00184982
-0.00190104
-0.00195443
-0.00200995
-0.00206756
-0.00212722
-0.00218886
-0.00225242
-0.00231783
-0.00238498
-0.0024538
-0.00252417
-0.00259596
-0.00266906
-0.0027433
-0.00281853
-0.00289458
-0.00297126
-0.00304835
-0.00312563
-0.00320287
-0.00327981
-0.00335616
-0.00343164
-0.00350593
-0.0035787
-0.0036496
-0.00371825
-0.00378427
-0.00384724
-0.00390675
-0.00396235
-0.0040136
-0.00406003
-0.00410117
-0.00413657
-0.00416577
-0.00418832
-0.00420378
-0.00421173
-0.00107673
-0.00107808
-0.00108083
-0.00108501
-0.00109066
-0.00109781
-0.0011065
-0.00111678
-0.00112867
-0.00114221
-0.00115743
-0.00117436
-0.00119303
-0.00121346
-0.00123569
-0.00125973
-0.00128559
-0.0013133
-0.00134286
-0.00137429
-0.00140758
-0.00144275
-0.00147979
-0.00151869
-0.00155943
-0.00160201
-0.0016464
-0.00169258
-0.00174049
-0.00179012
-0.0018414
-0.00189428
-0.0019487
-0.00200458
-0.00206185
-0.0021204
-0.00218015
-0.00224098
-0.00230277
-0.00236538
-0.00242867
-0.00249247
-0.00255662
-0.00262093
-0.00268518
-0.00274917
-0.00281267
-0.00287543
-0.00293718
-0.00299764
-0.00305652
-0.0031135
-0.00316826
-0.00322046
-0.00326973
-0.00331571
-0.00335802
-0.00339627
-0.00343007
-0.00345905
-0.00348285
-0.00350113
-0.00351359
-0.00351997
-0.000875837
-0.000876891
-0.000879031
-0.000882294
-0.000886717
-0.000892338
-0.000899192
-0.000907314
-0.000916733
-0.00092748
-0.000939583
-0.000953066
-0.000967953
-0.000984265
-0.00100202
-0.00102124
-0.00104193
-0.00106412
-0.0010878
-0.00111298
-0.00113968
-0.00116789
-0.00119761
-0.00122883
-0.00126155
-0.00129575
-0.00133141
-0.0013685
-0.00140701
-0.0014469
-0.00148812
-0.00153063
-0.00157439
-0.00161932
-0.00166536
-0.00171245
-0.00176049
-0.0018094
-0.00185907
-0.00190941
-0.0019603
-0.0020116
-0.00206317
-0.00211483
-0.00216645
-0.00221783
-0.00226881
-0.00231917
-0.00236869
-0.00241715
-0.0024643
-0.00250989
-0.00255366
-0.00259532
-0.00263458
-0.00267114
-0.00270469
-0.00273491
-0.00276149
-0.00278412
-0.00280253
-0.00281649
-0.00282584
-0.00283053
-0.000667365
-0.000668096
-0.000669606
-0.000671941
-0.000675144
-0.00067925
-0.000684295
-0.000690306
-0.000697309
-0.000705328
-0.000714384
-0.000724498
-0.000735688
-0.00074797
-0.000761359
-0.000775867
-0.000791506
-0.000808287
-0.000826217
-0.000845302
-0.000865545
-0.000886947
-0.000909507
-0.00093322
-0.000958079
-0.000984072
-0.00101118
-0.0010394
-0.00106869
-0.00109904
-0.00113042
-0.00116278
-0.00119608
-0.00123029
-0.00126535
-0.00130119
-0.00133774
-0.00137495
-0.00141274
-0.00145105
-0.00148977
-0.0015288
-0.00156802
-0.00160727
-0.00164644
-0.00168542
-0.00172408
-0.00176226
-0.00179973
-0.00183634
-0.00187193
-0.00190629
-0.0019392
-0.00197045
-0.00199982
-0.00202704
-0.00205192
-0.00207417
-0.00209359
-0.0021099
-0.00212294
-0.00213251
-0.0021386
-0.0021414
-0.000453842
-0.000454246
-0.000455135
-0.000456565
-0.00045858
-0.000461216
-0.000464499
-0.000468457
-0.000473097
-0.00047844
-0.000484506
-0.000491312
-0.000498861
-0.000507176
-0.000516266
-0.000526133
-0.000536785
-0.000548236
-0.000560498
-0.000573563
-0.00058744
-0.000602123
-0.00061762
-0.000633921
-0.000651023
-0.000668922
-0.000687599
-0.000707035
-0.000727232
-0.000748166
-0.000769804
-0.000792135
-0.00081512
-0.000838721
-0.000862912
-0.000887641
-0.000912845
-0.000938454
-0.000964446
-0.000990839
-0.0010175
-0.0010444
-0.00107143
-0.0010983
-0.00112509
-0.00115171
-0.00117817
-0.00120426
-0.00122974
-0.0012545
-0.00127853
-0.00130172
-0.00132377
-0.00134457
-0.00136406
-0.00138183
-0.00139808
-0.00141228
-0.00142454
-0.0014345
-0.00144222
-0.00144745
-0.00145035
-0.00145129
-0.000238308
-0.000238436
-0.000238767
-0.00023935
-0.000240226
-0.000241425
-0.000242969
-0.000244881
-0.000247167
-0.000249842
-0.000252924
-0.000256425
-0.000260345
-0.000264702
-0.000269501
-0.000274744
-0.000280432
-0.000286581
-0.000293195
-0.000300267
-0.000307805
-0.000315802
-0.000324266
-0.000333187
-0.000342565
-0.000352397
-0.000362669
-0.000373367
-0.000384496
-0.000396041
-0.000407975
-0.000420296
-0.000432978
-0.000445994
-0.000459333
-0.000472959
-0.000486829
-0.000500897
-0.000515151
-0.000529617
-0.000544188
-0.000558871
-0.00057358
-0.0005881
-0.000602532
-0.000616805
-0.000630948
-0.000644802
-0.000658195
-0.000671085
-0.000683468
-0.000695298
-0.000706332
-0.000716543
-0.000725904
-0.000734121
-0.000741398
-0.000747351
-0.000752123
-0.000755502
-0.000757633
-0.000758423
-0.000758194
-0.000757492
-6.52463e-05
-6.5252e-05
-6.52883e-05
-6.53765e-05
-6.55339e-05
-6.57744e-05
-6.61094e-05
-6.65479e-05
-6.70978e-05
-6.77656e-05
-6.85567e-05
-6.94755e-05
-7.0526e-05
-7.17115e-05
-7.30346e-05
-7.44975e-05
-7.61025e-05
-7.7851e-05
-7.9744e-05
-8.17818e-05
-8.39649e-05
-8.6293e-05
-8.87656e-05
-9.13814e-05
-9.41387e-05
-9.70353e-05
-0.000100068
-0.000103235
-0.000106531
-0.000109952
-0.000113493
-0.000117147
-0.000120907
-0.000124765
-0.000128714
-0.000132742
-0.00013684
-0.000140997
-0.000145202
-0.00014944
-0.000153693
-0.000157944
-0.000162171
-0.00016636
-0.000170495
-0.000174552
-0.000178506
-0.000182325
-0.000185986
-0.000189465
-0.000192733
-0.000195755
-0.000198497
-0.000200932
-0.000203022
-0.000204741
-0.000206056
-0.000206942
-0.000207384
-0.000207383
-0.000206967
-0.000206213
-0.000205294
-0.000204537
)
;

boundaryField
{
    walls
    {
        type            symmetry;
    }
    inlet
    {
        type            zeroGradient;
    }
    outlet
    {
        type            fixedValue;
        value           uniform 0;
    }
    frontAndBack
    {
        type            symmetry;
    }
}


// ************************************************************************* //
