/*--------------------------------*- C++ -*----------------------------------*\
  =========                 |
  \\      /  F ield         | OpenFOAM: The Open Source CFD Toolbox
   \\    /   O peration     | Website:  https://openfoam.org
    \\  /    A nd           | Version:  11
     \\/     M anipulation  |
\*---------------------------------------------------------------------------*/
FoamFile
{
    format      ascii;
    class       surfaceScalarField;
    location    "0";
    object      phi;
}
// * * * * * * * * * * * * * * * * * * * * * * * * * * * * * * * * * * * * * //

dimensions      [0 3 -1 0 0 0 0];

internalField   nonuniform List<scalar> 
8064
(
0.000787885
0.0148371
0.00148565
0.0149273
0.00211128
0.0149994
0.00267786
0.0150585
0.00319503
0.0151079
0.00367005
0.01515
0.00410845
0.0151866
0.00451458
0.0152189
0.00489185
0.0152478
0.00524302
0.0152739
0.00557033
0.0152977
0.00587563
0.0153197
0.00616048
0.0153402
0.00642618
0.0153593
0.00667384
0.0153774
0.0069044
0.0153945
0.00711869
0.0154107
0.0073174
0.0154263
0.00750114
0.0154413
0.00767045
0.0154557
0.00782578
0.0154697
0.00796754
0.0154833
0.00809607
0.0154965
0.00821166
0.0155094
0.00831457
0.0155221
0.00840501
0.0155346
0.00848316
0.0155469
0.00854916
0.015559
0.00860311
0.0155711
0.0086451
0.015583
0.00867518
0.015595
0.00869336
0.0156069
0.00869963
0.0156188
0.00869395
0.0156307
0.00867626
0.0156427
0.00864646
0.0156548
0.0086044
0.0156671
0.00854994
0.0156795
0.00848287
0.0156921
0.00840295
0.015705
0.0083099
0.0157181
0.00820341
0.0157315
0.0080831
0.0157454
0.00794854
0.0157596
0.00779924
0.0157743
0.00763464
0.0157896
0.0074541
0.0158056
0.00725687
0.0158223
0.00704211
0.0158398
0.00680884
0.0158583
0.0065559
0.015878
0.00628197
0.015899
0.00598546
0.0159216
0.00566448
0.015946
0.00531676
0.0159728
0.0049395
0.0160023
0.00452921
0.0160353
0.00408139
0.0160729
0.00359015
0.0161163
0.00304737
0.0161678
0.00244143
0.016231
0.00175461
0.0163119
0.000957956
0.0164217
0.016583
0.000524799
0.0143124
0.00103907
0.0144131
0.00153485
0.0145037
0.00200824
0.0145852
0.00245768
0.0146585
0.00288293
0.0147249
0.00328448
0.0147852
0.00366316
0.0148403
0.00401999
0.014891
0.00435602
0.0149379
0.00467226
0.0149816
0.00496967
0.0150224
0.00524915
0.0150608
0.00551151
0.0150971
0.00575747
0.0151315
0.0059877
0.0151643
0.00620279
0.0151958
0.00640325
0.015226
0.00658957
0.0152551
0.00676214
0.0152833
0.00692134
0.0153106
0.00706749
0.0153372
0.00720088
0.0153632
0.00732173
0.0153887
0.00743027
0.0154137
0.00752667
0.0154383
0.00761107
0.0154626
0.00768358
0.0154866
0.00774429
0.0155105
0.00779327
0.0155342
0.00783054
0.0155578
0.0078561
0.0155814
0.00786994
0.015605
0.00787201
0.0156287
0.00786223
0.0156526
0.0078405
0.0156767
0.00780668
0.015701
0.0077606
0.0157257
0.00770207
0.0157507
0.00763085
0.0157763
0.00754667
0.0158024
0.0074492
0.0158291
0.00733809
0.0158565
0.00721293
0.0158849
0.00707323
0.0159141
0.00691845
0.0159445
0.00674799
0.0159761
0.00656113
0.0160092
0.00635707
0.0160439
0.00613489
0.0160806
0.00589352
0.0161194
0.00563172
0.0161609
0.00534807
0.0162053
0.00504088
0.0162533
0.00470815
0.0163056
0.00434751
0.016363
0.00395612
0.0164268
0.00353054
0.0164985
0.00306661
0.0165803
0.00255936
0.0166752
0.00200303
0.0167874
0.00139175
0.0169233
0.000721919
0.0170917
0.017305
0.000404889
0.0139075
0.000808327
0.0140097
0.00120629
0.0141058
0.00159559
0.0141959
0.00197386
0.0142803
0.00233943
0.0143593
0.00269122
0.0144334
0.00302856
0.014503
0.00335113
0.0145685
0.00365883
0.0146303
0.00395169
0.0146888
0.00422989
0.0147442
0.00449366
0.0147971
0.00474326
0.0148475
0.00497897
0.0148958
0.00520109
0.0149423
0.00540991
0.014987
0.00560569
0.0150302
0.00578871
0.0150721
0.00595918
0.0151128
0.00611735
0.0151525
0.0062634
0.0151912
0.00639751
0.0152292
0.00651984
0.0152664
0.00663052
0.015303
0.00672966
0.0153392
0.00681734
0.0153749
0.00689365
0.0154104
0.00695861
0.0154455
0.00701226
0.0154806
0.00705461
0.0155155
0.00708562
0.0155504
0.00710526
0.0155854
0.00711346
0.0156206
0.00711014
0.015656
0.00709517
0.0156917
0.00706842
0.0157278
0.00702971
0.0157644
0.00697885
0.0158016
0.00691561
0.0158396
0.00683972
0.0158783
0.00675087
0.015918
0.00664872
0.0159587
0.00653287
0.0160008
0.00640289
0.0160442
0.00625826
0.0160892
0.00609843
0.016136
0.00592274
0.016185
0.00573048
0.0162363
0.00552083
0.0162903
0.00529285
0.0163475
0.00504549
0.0164083
0.00477756
0.0164733
0.00448768
0.0165432
0.0041743
0.016619
0.00383566
0.0167017
0.00346979
0.0167928
0.00307453
0.0168939
0.00264756
0.0170074
0.00218667
0.0171362
0.0016901
0.0172841
0.00115748
0.017456
0.000591414
0.0176578
0.0178964
0.000329937
0.0135777
0.000660277
0.0136795
0.000988871
0.0137773
0.00131377
0.0138711
0.00163325
0.0139609
0.00194586
0.0140468
0.00225042
0.0141289
0.00254597
0.0142075
0.00283179
0.0142827
0.00310732
0.0143548
0.00337217
0.014424
0.00362606
0.0144904
0.00386882
0.0145544
0.00410035
0.0146161
0.0043206
0.0146757
0.00452957
0.0147334
0.00472728
0.0147893
0.00491379
0.0148438
0.00508915
0.0148968
0.00525344
0.0149486
0.00540672
0.0149992
0.00554905
0.0150489
0.00568052
0.0150977
0.00580116
0.0151458
0.00591102
0.0151932
0.00601015
0.0152401
0.00609856
0.0152866
0.00617626
0.0153327
0.00624326
0.0153786
0.00629953
0.0154243
0.00634504
0.01547
0.00637973
0.0155158
0.00640355
0.0155616
0.0064164
0.0156078
0.00641818
0.0156542
0.00640876
0.0157012
0.00638798
0.0157486
0.00635569
0.0157968
0.00631167
0.0158457
0.0062557
0.0158956
0.00618753
0.0159465
0.00610685
0.0159987
0.00601337
0.0160523
0.0059067
0.0161075
0.00578645
0.0161645
0.00565215
0.0162235
0.00550332
0.0162849
0.00533938
0.0163489
0.00515972
0.016416
0.00496364
0.0164864
0.00475037
0.0165608
0.00451907
0.0166396
0.00426881
0.0167236
0.00399855
0.0168135
0.00370719
0.0169104
0.00339357
0.0170154
0.00305648
0.0171299
0.00269476
0.0172556
0.00230739
0.0173948
0.00189375
0.0175498
0.0014539
0.017724
0.000989135
0.0179208
0.000502628
0.0181444
0.0183991
0.000276509
0.0133012
0.000553864
0.0134021
0.000830826
0.0135003
0.00110614
0.0135957
0.00137863
0.0136884
0.00164721
0.0137782
0.00191089
0.0138652
0.00216883
0.0139496
0.00242027
0.0140313
0.00266459
0.0141105
0.00290124
0.0141873
0.0031298
0.0142618
0.00334989
0.0143343
0.00356123
0.0144047
0.00376359
0.0144733
0.00395677
0.0145401
0.00414064
0.0146054
0.00431508
0.0146693
0.00448
0.0147319
0.00463534
0.0147932
0.00478104
0.0148535
0.00491705
0.0149129
0.00504335
0.0149714
0.00515989
0.0150293
0.00526663
0.0150865
0.00536355
0.0151432
0.0054506
0.0151995
0.00552773
0.0152556
0.0055949
0.0153114
0.00565204
0.0153672
0.00569908
0.015423
0.00573593
0.0154789
0.00576251
0.0155351
0.00577869
0.0155916
0.00578436
0.0156486
0.00577937
0.0157061
0.00576358
0.0157644
0.00573679
0.0158236
0.00569881
0.0158837
0.00564943
0.015945
0.00558839
0.0160076
0.00551544
0.0160717
0.00543026
0.0161375
0.00533253
0.0162052
0.00522189
0.0162751
0.00509795
0.0163475
0.00496027
0.0164226
0.00480837
0.0165008
0.00464174
0.0165826
0.00445982
0.0166684
0.004262
0.0167586
0.00404763
0.016854
0.00381603
0.0169552
0.00356648
0.0170631
0.00329826
0.0171787
0.00301067
0.017303
0.00270304
0.0174375
0.00237489
0.0175838
0.00202595
0.0177437
0.00165635
0.0179195
0.00126683
0.0181135
0.000858953
0.0183287
0.000435397
0.018568
0.0188345
0.000235635
0.0130656
0.000472275
0.0131655
0.000709066
0.0132635
0.000945159
0.0133597
0.00117972
0.0134538
0.00141195
0.013546
0.00164109
0.0136361
0.00186644
0.0137242
0.00208734
0.0138104
0.00230321
0.0138946
0.00251352
0.013977
0.0027178
0.0140576
0.00291564
0.0141364
0.00310667
0.0142137
0.00329058
0.0142894
0.00346709
0.0143637
0.00363597
0.0144366
0.00379698
0.0145083
0.00394997
0.0145789
0.00409477
0.0146484
0.00423123
0.0147171
0.00435923
0.0147849
0.00447866
0.014852
0.00458941
0.0149185
0.00469137
0.0149845
0.00478445
0.0150501
0.00486856
0.0151154
0.0049436
0.0151805
0.00500947
0.0152456
0.00506607
0.0153106
0.0051133
0.0153758
0.00515104
0.0154412
0.00517917
0.015507
0.00519756
0.0155732
0.00520607
0.0156401
0.00520455
0.0157077
0.00519283
0.0157761
0.00517073
0.0158457
0.00513805
0.0159164
0.00509459
0.0159884
0.00504011
0.016062
0.00497437
0.0161374
0.00489708
0.0162147
0.00480797
0.0162943
0.0047067
0.0163764
0.00459295
0.0164612
0.00446634
0.0165492
0.00432648
0.0166407
0.00417296
0.0167361
0.00400534
0.016836
0.00382316
0.0169408
0.00362593
0.0170512
0.0034132
0.017168
0.00318448
0.0172918
0.00293933
0.0174238
0.00267738
0.017565
0.00239836
0.0177166
0.00210213
0.01788
0.00178883
0.018057
0.00145892
0.0182494
0.00111329
0.0184592
0.000753416
0.0186886
0.000381397
0.01894
0.0192159
0.000203119
0.0128624
0.000407189
0.0129613
0.000611662
0.013059
0.000815919
0.0131553
0.00101935
0.0132503
0.00122134
0.0133439
0.00142132
0.0134361
0.0016187
0.0135268
0.00181296
0.0136161
0.00200358
0.013704
0.00219009
0.0137904
0.00237205
0.0138756
0.00254906
0.0139594
0.00272074
0.0140419
0.00288675
0.0141233
0.00304678
0.0142036
0.00320056
0.0142828
0.00334782
0.014361
0.00348834
0.0144383
0.00362189
0.0145148
0.00374828
0.0145906
0.00386734
0.0146658
0.0039789
0.0147404
0.0040828
0.0148146
0.00417889
0.0148884
0.00426703
0.0149619
0.00434708
0.0150353
0.00441892
0.0151087
0.0044824
0.015182
0.0045374
0.0152556
0.00458377
0.0153294
0.00462139
0.0154035
0.00465011
0.0154782
0.00466978
0.0155535
0.00468025
0.0156296
0.00468135
0.0157065
0.00467292
0.0157845
0.00465477
0.0158638
0.00462672
0.0159444
0.00458855
0.0160266
0.00454005
0.0161105
0.004481
0.0161964
0.00441114
0.0162846
0.00433022
0.0163752
0.00423796
0.0164686
0.00413407
0.0165651
0.00401826
0.016665
0.0038902
0.0167687
0.00374956
0.0168767
0.00359602
0.0169895
0.00342922
0.0171076
0.00324884
0.0172316
0.00305456
0.0173622
0.00284609
0.0175003
0.00262319
0.0176467
0.00238571
0.0178024
0.00213359
0.0179687
0.00186692
0.0181467
0.00158601
0.0183379
0.00129143
0.018544
0.000984073
0.0187665
0.000665191
0.0190075
0.000336472
0.0192687
0.0195523
0.00017645
0.012686
0.000353832
0.0127839
0.000531704
0.0128811
0.00070961
0.0129774
0.000887081
0.0130729
0.00106365
0.0131673
0.00123886
0.0132609
0.00141225
0.0133534
0.00158339
0.013445
0.00175183
0.0135355
0.00191717
0.0136251
0.00207902
0.0137137
0.002237
0.0138014
0.00239077
0.0138882
0.00253999
0.0139741
0.00268436
0.0140592
0.00282358
0.0141435
0.00295739
0.0142272
0.00308552
0.0143102
0.00320775
0.0143926
0.00332385
0.0144745
0.00343361
0.014556
0.00353683
0.0146372
0.00363333
0.0147181
0.00372293
0.0147988
0.00380546
0.0148794
0.00388075
0.01496
0.00394864
0.0150407
0.00400897
0.0151217
0.00406159
0.0152029
0.00410635
0.0152846
0.00414308
0.0153668
0.00417163
0.0154496
0.00419184
0.0155333
0.00420354
0.0156178
0.00420657
0.0157035
0.00420076
0.0157903
0.00418591
0.0158786
0.00416186
0.0159684
0.00412839
0.01606
0.00408532
0.0161536
0.00403242
0.0162493
0.00396948
0.0163475
0.00389628
0.0164484
0.00381256
0.0165523
0.0037181
0.0166595
0.00361264
0.0167704
0.00349593
0.0168854
0.00336771
0.0170049
0.00322773
0.0171295
0.00307575
0.0172595
0.00291154
0.0173958
0.0027349
0.0175388
0.00254568
0.0176895
0.00234377
0.0178486
0.00212915
0.018017
0.00190189
0.0181959
0.0016622
0.0183863
0.00141046
0.0185896
0.00114724
0.0188071
0.000873369
0.0190404
0.000589917
0.0192909
0.000298245
0.0195604
0.0198505
0.000154219
0.0125317
0.000309262
0.0126288
0.000464835
0.0127255
0.000620577
0.0128216
0.000776119
0.0129172
0.000931094
0.0130123
0.00108513
0.0131068
0.00123786
0.0132006
0.00138891
0.0132938
0.00153793
0.0133864
0.00168456
0.0134784
0.00182846
0.0135697
0.00196931
0.0136605
0.00210678
0.0137506
0.00224056
0.0138402
0.00237037
0.0139293
0.00249592
0.0140179
0.00261695
0.0141061
0.0027332
0.0141939
0.00284443
0.0142813
0.0029504
0.0143685
0.00305091
0.0144555
0.00314572
0.0145423
0.00323466
0.0146291
0.00331751
0.0147159
0.00339409
0.0148028
0.00346423
0.0148898
0.00352773
0.0149772
0.00358444
0.0150649
0.00363418
0.0151531
0.00367677
0.0152419
0.00371207
0.0153314
0.00373989
0.0154218
0.00376006
0.015513
0.00377243
0.0156054
0.00377682
0.015699
0.00377305
0.0157941
0.00376096
0.0158906
0.00374035
0.015989
0.00371104
0.0160893
0.00367285
0.0161917
0.00362558
0.0162965
0.00356904
0.016404
0.00350302
0.0165144
0.00342732
0.0166279
0.00334174
0.0167451
0.00324608
0.0168661
0.00314012
0.0169913
0.00302368
0.0171213
0.00289656
0.0172565
0.00275861
0.0173974
0.00260967
0.0175446
0.00244963
0.0176988
0.00227841
0.0178606
0.002096
0.0180309
0.00190246
0.0182105
0.00169794
0.0184004
0.00148269
0.0186015
0.00125711
0.0188152
0.00102175
0.0190425
0.000777331
0.0192847
0.000524782
0.0195434
0.000265224
0.0198199
0.0201157
0.000135361
0.0123963
0.000271497
0.0124926
0.000408149
0.0125888
0.000545034
0.0126847
0.000681859
0.0127804
0.000818325
0.0128758
0.000954132
0.0129709
0.00108898
0.0130657
0.00122255
0.0131602
0.00135456
0.0132544
0.00148469
0.0133482
0.00161266
0.0134417
0.00173818
0.0135349
0.00186095
0.0136278
0.0019807
0.0137205
0.00209717
0.0138128
0.00221009
0.013905
0.00231921
0.0139969
0.00242429
0.0140888
0.00252508
0.0141805
0.00262136
0.0142722
0.00271292
0.0143639
0.00279953
0.0144557
0.00288099
0.0145476
0.0029571
0.0146397
0.00302766
0.0147322
0.0030925
0.014825
0.00315142
0.0149182
0.00320424
0.0150121
0.00325079
0.0151065
0.00329089
0.0152018
0.00332437
0.0152979
0.00335106
0.015395
0.00337079
0.0154933
0.00338338
0.0155928
0.00338867
0.0156937
0.00338648
0.0157962
0.00337665
0.0159004
0.003359
0.0160066
0.00333335
0.0161149
0.00329954
0.0162255
0.00325738
0.0163386
0.0032067
0.0164546
0.00314732
0.0165737
0.00307907
0.0166962
0.00300177
0.0168223
0.00291526
0.0169525
0.00281938
0.0170872
0.00271397
0.0172267
0.0025989
0.0173715
0.00247406
0.0175222
0.00233936
0.0176793
0.00219473
0.0178434
0.00204017
0.0180152
0.00187571
0.0181953
0.00170145
0.0183847
0.00151759
0.0185842
0.00132439
0.0187947
0.00112224
0.0190173
0.000911646
0.019253
0.000693254
0.0195031
0.000467856
0.0197687
0.000236398
0.0200513
0.0203521
0.000119245
0.012277
0.000239163
0.0123726
0.000359583
0.0124683
0.000480267
0.012564
0.000600975
0.0126596
0.000721464
0.0127553
0.000841482
0.0128508
0.000960777
0.0129464
0.00107909
0.0130418
0.00119618
0.0131372
0.00131177
0.0132326
0.00142562
0.0133278
0.00153746
0.013423
0.00164706
0.0135182
0.00175416
0.0136133
0.00185851
0.0137084
0.00195989
0.0138035
0.00205805
0.0138987
0.00215277
0.013994
0.00224383
0.0140894
0.002331
0.0141849
0.00241407
0.0142808
0.00249284
0.0143768
0.0025671
0.0144733
0.00263665
0.0145701
0.00270131
0.0146674
0.00276089
0.0147653
0.00281519
0.0148639
0.00286404
0.0149632
0.00290727
0.0150633
0.00294468
0.0151643
0.00297612
0.0152664
0.00300141
0.0153697
0.00302039
0.0154743
0.00303287
0.0155802
0.00303871
0.0156878
0.00303772
0.0157971
0.00302975
0.0159084
0.00301463
0.0160217
0.00299219
0.0161372
0.00296229
0.0162553
0.00292474
0.0163761
0.0028794
0.0164999
0.00282611
0.0166269
0.00276472
0.0167575
0.00269507
0.0168919
0.00261705
0.0170305
0.0025305
0.0171737
0.00243533
0.0173218
0.00233143
0.0174754
0.00221873
0.0176349
0.00209717
0.0178008
0.00196674
0.0179738
0.00182746
0.0181544
0.00167941
0.0183433
0.00152269
0.0185414
0.00135753
0.0187493
0.00118418
0.018968
0.00100301
0.0191984
0.000814482
0.0194415
0.000619169
0.0196983
0.000417754
0.0199701
0.000211046
0.0202579
0.0205631
0.000105313
0.0121717
0.000211249
0.0122667
0.000317647
0.0123619
0.000424317
0.0124573
0.000531059
0.0125528
0.00063767
0.0126486
0.000743942
0.0127445
0.000849661
0.0128406
0.000954613
0.0129369
0.00105858
0.0130332
0.00116134
0.0131298
0.00126267
0.0132265
0.00136236
0.0133233
0.00146017
0.0134203
0.0015559
0.0135175
0.00164932
0.0136149
0.00174022
0.0137126
0.00182839
0.0138105
0.0019136
0.0139087
0.00199567
0.0140073
0.00207438
0.0141062
0.00214953
0.0142056
0.00222092
0.0143054
0.00228837
0.0144058
0.00235168
0.0145068
0.00241066
0.0146084
0.00246513
0.0147108
0.00251492
0.014814
0.00255983
0.0149182
0.00259971
0.0150233
0.00263437
0.0151296
0.00266366
0.0152371
0.00268739
0.0153459
0.00270541
0.0154562
0.00271755
0.0155681
0.00272365
0.0156817
0.00272356
0.0157972
0.00271711
0.0159148
0.00270415
0.0160346
0.00268452
0.0161568
0.00265809
0.0162817
0.00262469
0.0164095
0.00258418
0.0165404
0.00253644
0.0166746
0.00248132
0.0168126
0.0024187
0.0169545
0.00234847
0.0171007
0.00227053
0.0172516
0.00218477
0.0174075
0.00209115
0.017569
0.0019896
0.0177364
0.0018801
0.0179103
0.00176266
0.0180912
0.00163732
0.0182797
0.00150418
0.0184764
0.00136336
0.0186821
0.00121507
0.0188975
0.00105957
0.0191234
0.000897194
0.0193607
0.000728359
0.0196103
0.000553571
0.0198731
0.000373429
0.0201502
0.000188631
0.0204427
0.0207517
9.32232e-05
0.0120784
0.000186992
0.0121728
0.000281193
0.0122676
0.000375664
0.0123627
0.000470235
0.0124582
0.000564735
0.012554
0.000658986
0.0126502
0.00075281
0.0127467
0.000846021
0.0128436
0.000938435
0.0129408
0.00102986
0.0130383
0.0011201
0.0131362
0.00120897
0.0132344
0.00129628
0.013333
0.00138182
0.0134319
0.0014654
0.0135313
0.00154684
0.0136311
0.00162594
0.0137314
0.0017025
0.0138321
0.00177633
0.0139334
0.00184726
0.0140352
0.00191508
0.0141377
0.00197962
0.0142408
0.0020407
0.0143446
0.00209813
0.0144493
0.00215174
0.0145547
0.00220136
0.0146611
0.00224681
0.0147685
0.00228791
0.014877
0.00232451
0.0149867
0.00235644
0.0150976
0.00238353
0.0152099
0.00240563
0.0153238
0.00242257
0.0154392
0.0024342
0.0155564
0.00244037
0.0156755
0.00244093
0.0157966
0.00243572
0.0159199
0.00242459
0.0160457
0.00240742
0.016174
0.00238406
0.016305
0.00235437
0.0164391
0.00231823
0.0165765
0.00227551
0.0167173
0.0022261
0.0168619
0.00216988
0.0170106
0.00210678
0.0171637
0.00203669
0.0173216
0.00195956
0.0174846
0.00187532
0.0176532
0.00178396
0.0178277
0.00168546
0.0180087
0.00157984
0.0181967
0.00146718
0.0183923
0.00134755
0.018596
0.0012211
0.0188086
0.00108802
0.0190306
0.000948556
0.0192629
0.000803018
0.0195062
0.000651779
0.0197614
0.000495286
0.0200295
0.000334068
0.0203113
0.000168733
0.020608
0.0209204
8.26575e-05
0.0119958
0.000165812
0.0120896
0.000249361
0.012184
0.000333165
0.0122789
0.000417082
0.0123743
0.000500968
0.0124701
0.000584671
0.0125665
0.000668037
0.0126633
0.000750909
0.0127607
0.000833125
0.0128585
0.000914519
0.0129569
0.000994929
0.0130557
0.00107418
0.0131551
0.00115211
0.013255
0.00122854
0.0133554
0.0013033
0.0134565
0.00137621
0.0135581
0.00144711
0.0136604
0.00151582
0.0137633
0.00158217
0.013867
0.00164598
0.0139714
0.00170709
0.0140765
0.00176531
0.0141825
0.0018205
0.0142894
0.00187247
0.0143973
0.00192106
0.0145061
0.0019661
0.0146161
0.00200744
0.0147272
0.00204492
0.0148395
0.00207837
0.0149532
0.00210764
0.0150683
0.00213257
0.015185
0.00215301
0.0153033
0.00216881
0.0154233
0.00217983
0.0155453
0.00218591
0.0156693
0.00218692
0.0157955
0.00218272
0.0159241
0.00217316
0.0160552
0.00215813
0.0161889
0.00213748
0.0163256
0.0021111
0.0164655
0.00207888
0.0166087
0.0020407
0.0167555
0.00199645
0.0169061
0.00194606
0.017061
0.00188942
0.0172203
0.00182649
0.0173845
0.00175719
0.0175539
0.0016815
0.0177288
0.0015994
0.0179098
0.00151089
0.0180972
0.00141601
0.0182916
0.00131481
0.0184935
0.0012074
0.0187034
0.00109392
0.018922
0.00097453
0.0191499
0.00084947
0.0193879
0.000719021
0.0196366
0.000583519
0.0198969
0.000443364
0.0201696
0.000299019
0.0204556
0.000151021
0.0207559
0.0210714
7.33947e-05
0.0119223
0.000147235
0.0120157
0.000221435
0.0121097
0.000295876
0.0122044
0.000370437
0.0122996
0.00044499
0.0123955
0.000519408
0.012492
0.000593559
0.0125891
0.000667304
0.0126869
0.000740504
0.0127853
0.000813018
0.0128843
0.000884699
0.012984
0.000955399
0.0130843
0.00102497
0.0131854
0.00109326
0.0132871
0.00116011
0.0133896
0.00122537
0.0134928
0.00128889
0.0135969
0.0013505
0.0137017
0.00141006
0.0138074
0.0014674
0.013914
0.00152237
0.0140215
0.00157482
0.01413
0.00162459
0.0142396
0.00167151
0.0143503
0.00171545
0.0144621
0.00175625
0.0145752
0.00179375
0.0146896
0.00182781
0.0148054
0.00185827
0.0149227
0.001885
0.0150415
0.00190784
0.0151621
0.00192665
0.0152844
0.00194129
0.0154087
0.00195163
0.0155349
0.00195752
0.0156634
0.00195884
0.0157942
0.00195545
0.0159274
0.00194723
0.0160633
0.00193405
0.0162021
0.00191581
0.0163438
0.00189238
0.0164889
0.00186366
0.0166373
0.00182956
0.0167895
0.00178998
0.0169457
0.00174484
0.0171061
0.00169407
0.0172711
0.00163761
0.0174409
0.00157543
0.017616
0.00150749
0.0177967
0.00143378
0.0179834
0.00135432
0.0181766
0.00126914
0.0183767
0.00117831
0.0185842
0.00108192
0.0187997
0.000980105
0.0190238
0.000873031
0.019257
0.000760907
0.0195
0.000643986
0.0197535
0.000522572
0.0200183
0.000397022
0.0202951
0.000267748
0.0205849
0.00013522
0.0208884
0.0212066
6.52486e-05
0.011857
0.000130897
0.01195
0.000196871
0.0120437
0.000263068
0.0121381
0.000329384
0.0122333
0.00039571
0.0123292
0.000461934
0.0124258
0.000527942
0.0125231
0.000593615
0.0126212
0.000658831
0.01272
0.000723467
0.0128196
0.000787394
0.01292
0.000850483
0.0130212
0.000912601
0.0131232
0.000973615
0.0132261
0.00103339
0.0133298
0.00109178
0.0134344
0.00114866
0.0135399
0.00120388
0.0136464
0.00125731
0.0137539
0.00130879
0.0138625
0.00135819
0.0139721
0.00140537
0.0140828
0.00145018
0.0141948
0.00149249
0.0143079
0.00153215
0.0144224
0.00156902
0.0145383
0.00160296
0.0146556
0.00163383
0.0147745
0.0016615
0.014895
0.00168583
0.0150172
0.00170668
0.0151412
0.00172391
0.0152671
0.00173741
0.0153951
0.00174704
0.0155253
0.00175267
0.0156577
0.00175418
0.0157926
0.00175145
0.0159301
0.00174436
0.0160704
0.00173281
0.0162136
0.00171668
0.0163599
0.00169587
0.0165096
0.00167029
0.0166629
0.00163984
0.0168199
0.00160446
0.016981
0.00156406
0.0171465
0.00151858
0.0173165
0.00146798
0.0174915
0.00141222
0.0176717
0.00135128
0.0178576
0.00128515
0.0180495
0.00121386
0.0182479
0.00113744
0.0184531
0.00105596
0.0186657
0.000969502
0.0188862
0.000878194
0.019115
0.000782187
0.0193529
0.000681673
0.0196004
0.000576882
0.0198582
0.000468086
0.020127
0.000355605
0.0204075
0.000239805
0.0207006
0.000121104
0.021007
0.0213277
5.80542e-05
0.011799
0.000116478
0.0118916
0.000175194
0.011985
0.000234115
0.0120792
0.00029315
0.0121742
0.000352205
0.0122701
0.000411184
0.0123668
0.000469988
0.0124643
0.000528511
0.0125626
0.000586647
0.0126619
0.00064429
0.012762
0.000701324
0.012863
0.000757638
0.0129649
0.000813113
0.0130677
0.000867633
0.0131715
0.000921074
0.0132763
0.000973316
0.0133821
0.00102423
0.013489
0.0010737
0.0135969
0.00112159
0.013706
0.00116778
0.0138162
0.00121214
0.0139277
0.00125454
0.0140404
0.00129485
0.0141544
0.00133294
0.0142698
0.00136868
0.0143867
0.00140195
0.014505
0.00143261
0.014625
0.00146054
0.0147465
0.0014856
0.0148699
0.00150769
0.0149951
0.00152666
0.0151222
0.0015424
0.0152514
0.00155478
0.0153827
0.00156369
0.0155163
0.00156902
0.0156524
0.00157063
0.015791
0.00156843
0.0159323
0.00156232
0.0160765
0.00155217
0.0162237
0.00153791
0.0163742
0.00151942
0.0165281
0.00149664
0.0166856
0.00146947
0.0168471
0.00143785
0.0170126
0.00140171
0.0171826
0.001361
0.0173572
0.00131568
0.0175368
0.00126571
0.0177217
0.00121108
0.0179122
0.00115179
0.0181088
0.00108787
0.0183118
0.00101934
0.0185216
0.000946275
0.0187387
0.000868755
0.0189636
0.000786891
0.0191969
0.000700826
0.019439
0.000610732
0.0196905
0.00051682
0.0199521
0.000419331
0.0202245
0.000318553
0.0205083
0.000214812
0.0208043
0.00010848
0.0211133
0.0214362
5.17065e-05
0.0117472
0.000103736
0.0118395
0.000156032
0.0119327
0.000208515
0.0120267
0.000261105
0.0121216
0.000313724
0.0122174
0.000366285
0.0123142
0.0004187
0.0124118
0.000470879
0.0125104
0.000522731
0.01261
0.000574156
0.0127105
0.000625059
0.012812
0.000675338
0.0129146
0.000724891
0.0130181
0.000773609
0.0131228
0.00082139
0.0132285
0.000868122
0.0133354
0.000913693
0.0134434
0.000957994
0.0135526
0.00100091
0.0136631
0.00104233
0.0137748
0.00108213
0.0138879
0.0011202
0.0140023
0.00115642
0.0141182
0.00119068
0.0142355
0.00122285
0.0143545
0.00125282
0.014475
0.00128048
0.0145973
0.0013057
0.0147213
0.00132837
0.0148472
0.00134837
0.014975
0.00136559
0.015105
0.00137992
0.015237
0.00139125
0.0153714
0.00139945
0.0155081
0.00140444
0.0156474
0.0014061
0.0157893
0.00140433
0.015934
0.00139904
0.0160817
0.00139012
0.0162326
0.0013775
0.0163868
0.00136108
0.0165445
0.00134079
0.0167059
0.00131655
0.0168713
0.0012883
0.0170408
0.00125599
0.0172149
0.00121956
0.0173936
0.00117898
0.0175773
0.00113422
0.0177664
0.00108528
0.0179611
0.00103215
0.0181619
0.000974854
0.018369
0.000913431
0.018583
0.000847936
0.0188042
0.000778447
0.0190331
0.000705069
0.0192702
0.000627932
0.0195161
0.000547188
0.0197712
0.000463031
0.0200362
0.000375677
0.0203118
0.000285383
0.0205986
0.00019244
0.0208972
9.71813e-05
0.0212085
0.0215333
4.60697e-05
0.0117012
9.24451e-05
0.0117931
0.000139055
0.0118861
0.000185835
0.0119799
0.000232716
0.0120747
0.000279627
0.0121705
0.000326494
0.0122673
0.000373239
0.0123651
0.000419786
0.0124639
0.000466049
0.0125637
0.000511946
0.0126646
0.00055739
0.0127666
0.000602292
0.0128697
0.00064656
0.0129739
0.000690101
0.0130792
0.00073282
0.0131858
0.000774619
0.0132936
0.000815401
0.0134026
0.000855064
0.0135129
0.000893507
0.0136246
0.000930628
0.0137377
0.000966322
0.0138522
0.00100048
0.0139681
0.00103301
0.0140856
0.00106379
0.0142048
0.00109272
0.0143255
0.0011197
0.014448
0.00114461
0.0145723
0.00116736
0.0146985
0.00118782
0.0148267
0.00120591
0.014957
0.00122151
0.0150893
0.00123452
0.015224
0.00124484
0.015361
0.00125237
0.0155006
0.00125701
0.0156427
0.00125867
0.0157876
0.00125724
0.0159354
0.00125266
0.0160863
0.00124481
0.0162404
0.00123364
0.0163979
0.00121904
0.016559
0.00120097
0.016724
0.00117935
0.0168929
0.00115412
0.0170661
0.00112523
0.0172437
0.00109265
0.0174262
0.00105633
0.0176136
0.00101626
0.0178065
0.000972419
0.018005
0.000924826
0.0182095
0.00087349
0.0184204
0.00081845
0.018638
0.000759757
0.0188629
0.000697487
0.0190954
0.000631728
0.019336
0.000562603
0.0195852
0.00049025
0.0198435
0.000414841
0.0201116
0.000336572
0.02039
0.000255673
0.0206794
0.000172404
0.0209805
8.70633e-05
0.0212939
0.0216204
4.10853e-05
0.0116601
8.24338e-05
0.0117518
0.000123996
0.0118445
0.000165713
0.0119382
0.000207524
0.0120329
0.000249367
0.0121287
0.000291176
0.0122255
0.000332884
0.0123233
0.000374421
0.0124223
0.000415714
0.0125224
0.00045669
0.0126236
0.000497271
0.012726
0.000537378
0.0128295
0.000576932
0.0129343
0.000615849
0.0130403
0.000654043
0.0131476
0.00069143
0.0132562
0.000727921
0.0133661
0.000763426
0.0134774
0.000797853
0.0135902
0.000831112
0.0137044
0.000863109
0.0138202
0.000893749
0.0139375
0.000922936
0.0140564
0.000950577
0.0141771
0.000976573
0.0142995
0.00100083
0.0144238
0.00102325
0.0145499
0.00104373
0.0146781
0.00106219
0.0148083
0.00107852
0.0149406
0.00109262
0.0150752
0.00110441
0.0152122
0.0011138
0.0153516
0.00112068
0.0154937
0.00112497
0.0156384
0.00112659
0.015786
0.00112545
0.0159366
0.00112146
0.0160903
0.00111455
0.0162473
0.00110465
0.0164078
0.00109168
0.016572
0.00107558
0.01674
0.00105629
0.0169122
0.00103377
0.0170886
0.00100795
0.0172695
0.000978804
0.0174553
0.000946307
0.0176461
0.000910439
0.0178423
0.00087119
0.0180442
0.000828566
0.0182521
0.000782584
0.0184663
0.000733278
0.0186873
0.000680694
0.0189154
0.000624902
0.0191511
0.000565983
0.0193949
0.000504047
0.0196471
0.00043922
0.0199084
0.000371657
0.0201792
0.000301532
0.0204602
0.000229053
0.0207519
0.000154454
0.021055
7.79994e-05
0.0213703
0.0216984
3.66442e-05
0.0116234
7.35382e-05
0.0117149
0.00011062
0.0118074
0.00014784
0.011901
0.000185147
0.0119956
0.000222485
0.0120913
0.000259797
0.0121882
0.000297023
0.0122861
0.000334103
0.0123853
0.000370971
0.0124855
0.000407563
0.012587
0.00044381
0.0126897
0.000479643
0.0127937
0.000514989
0.012899
0.000549776
0.0130055
0.000583927
0.0131134
0.000617366
0.0132227
0.000650013
0.0133335
0.000681791
0.0134457
0.000712616
0.0135594
0.000742407
0.0136746
0.000771078
0.0137915
0.000798547
0.01391
0.000824727
0.0140303
0.000849532
0.0141523
0.000872875
0.0142762
0.000894669
0.014402
0.000914825
0.0145298
0.000933258
0.0146596
0.000949879
0.0147916
0.000964601
0.0149259
0.000977338
0.0150625
0.000988006
0.0152015
0.000996517
0.0153431
0.00100279
0.0154874
0.00100675
0.0156345
0.0010083
0.0157844
0.00100738
0.0159375
0.00100391
0.0160938
0.000997821
0.0162534
0.000989042
0.0164166
0.000977509
0.0165835
0.000963167
0.0167544
0.000945959
0.0169294
0.000925841
0.0171087
0.00090277
0.0172926
0.000876712
0.0174813
0.000847641
0.0176752
0.000815543
0.0178744
0.000780408
0.0180793
0.000742245
0.0182902
0.000701066
0.0185075
0.000656905
0.0187315
0.000609804
0.0189625
0.000559825
0.0192011
0.000507044
0.0194476
0.000451558
0.0197026
0.000393481
0.0199664
0.000332952
0.0202397
0.000270129
0.020523
0.000205199
0.0208168
0.000138368
0.0211219
6.98778e-05
0.0214388
0.0217683
3.27083e-05
0.0115907
6.56305e-05
0.011682
9.87244e-05
0.0117743
0.000131944
0.0118677
0.000165243
0.0119623
0.000198573
0.012058
0.000231883
0.0121549
0.00026512
0.0122529
0.000298229
0.0123521
0.000331156
0.0124526
0.000363841
0.0125543
0.000396223
0.0126574
0.000428242
0.0127617
0.000459832
0.0128674
0.00049093
0.0129744
0.000521466
0.0130829
0.000551375
0.0131928
0.000580584
0.0133043
0.000609022
0.0134172
0.000636617
0.0135318
0.000663296
0.0136479
0.000688982
0.0137658
0.0007136
0.0138854
0.000737072
0.0140068
0.000759322
0.0141301
0.00078027
0.0142552
0.000799838
0.0143824
0.000817948
0.0145117
0.000834521
0.0146431
0.000849476
0.0147767
0.000862737
0.0149126
0.000874223
0.015051
0.00088386
0.0151919
0.000891567
0.0153354
0.000897272
0.0154817
0.0009009
0.0156308
0.00090238
0.015783
0.000901639
0.0159382
0.000898614
0.0160968
0.000893236
0.0162588
0.000885448
0.0164244
0.000875189
0.0165938
0.000862409
0.0167672
0.000847057
0.0169447
0.000829092
0.0171267
0.000808474
0.0173132
0.000785178
0.0175046
0.000759175
0.0177012
0.000730455
0.0179031
0.000699009
0.0181108
0.000664846
0.0183244
0.000627976
0.0185444
0.000588431
0.018771
0.000546248
0.0190047
0.000501484
0.0192459
0.000454207
0.0194949
0.000404505
0.0197523
0.000352481
0.0200185
0.00029826
0.0202939
0.000241983
0.0205793
0.000183818
0.020875
0.000123952
0.0211817
6.25991e-05
0.0215001
0.0218309
2.9196e-05
0.0115615
5.85923e-05
0.0116526
8.81396e-05
0.0117448
0.000117799
0.0118381
0.000147531
0.0119326
0.000177292
0.0120283
0.000207038
0.0121251
0.000236721
0.0122232
0.000266294
0.0123226
0.000295706
0.0124232
0.000324907
0.0125252
0.000353841
0.0126284
0.000382456
0.0127331
0.000410693
0.0128391
0.000438494
0.0129466
0.0004658
0.0130556
0.00049255
0.0131661
0.000518681
0.0132781
0.00054413
0.0133918
0.00056883
0.0135071
0.000592718
0.0136241
0.000615722
0.0137428
0.000637779
0.0138634
0.000658817
0.0139858
0.000678766
0.0141101
0.000697557
0.0142365
0.000715119
0.0143649
0.00073138
0.0144954
0.00074627
0.0146282
0.000759716
0.0147632
0.000771649
0.0149007
0.000781996
0.0150407
0.00079069
0.0151832
0.000797658
0.0153285
0.000802835
0.0154765
0.000806151
0.0156275
0.000807544
0.0157816
0.000806949
0.0159388
0.000804306
0.0160994
0.000799554
0.0162635
0.000792641
0.0164313
0.000783511
0.0166029
0.000772121
0.0167786
0.000758422
0.0169584
0.000742379
0.0171427
0.000723956
0.0173316
0.000703127
0.0175255
0.000679872
0.0177244
0.000654178
0.0179288
0.000626037
0.0181389
0.000595459
0.018355
0.000562451
0.0185774
0.000527045
0.0188064
0.000489271
0.0190425
0.000449184
0.019286
0.000406842
0.0195373
0.000362327
0.0197968
0.000315729
0.0200651
0.000267163
0.0203425
0.000216755
0.0206297
0.000164655
0.0209271
0.000111031
0.0212354
5.60758e-05
0.0215551
0.0218869
2.60757e-05
0.0115354
5.23233e-05
0.0116263
7.8709e-05
0.0117184
0.000105198
0.0118116
0.00013175
0.011906
0.000158331
0.0120017
0.0001849
0.0120986
0.000211416
0.0121967
0.000237835
0.0122962
0.000264114
0.0123969
0.000290206
0.0124991
0.000316065
0.0126026
0.00034164
0.0127075
0.000366882
0.0128139
0.000391739
0.0129218
0.000416158
0.0130312
0.000440084
0.0131422
0.00046346
0.0132548
0.000486231
0.013369
0.000508339
0.013485
0.000529723
0.0136027
0.000550325
0.0137222
0.000570081
0.0138436
0.000588931
0.0139669
0.000606814
0.0140922
0.000623662
0.0142196
0.000639417
0.0143491
0.00065401
0.0144808
0.000667381
0.0146148
0.000679462
0.0147512
0.000690192
0.01489
0.000699505
0.0150314
0.00070734
0.0151754
0.00071363
0.0153222
0.00071832
0.0154718
0.000721343
0.0156245
0.000722647
0.0157803
0.000722166
0.0159393
0.000719853
0.0161018
0.00071565
0.0162678
0.000709509
0.0164375
0.000701382
0.0166111
0.000691227
0.0167887
0.000679001
0.0169706
0.000664675
0.017157
0.000648212
0.0173481
0.000629593
0.0175441
0.000608794
0.0177453
0.000585809
0.0179518
0.00056063
0.0181641
0.000533263
0.0183824
0.000503718
0.0186069
0.000472019
0.0188381
0.000438199
0.0190763
0.000402303
0.0193219
0.000364386
0.0195752
0.00032452
0.0198367
0.000282788
0.0201068
0.00023929
0.020386
0.000194143
0.0206748
0.000147479
0.0209738
9.94505e-05
0.0212834
5.02284e-05
0.0216043
0.0219372
2.32891e-05
0.0115122
4.67383e-05
0.0116029
7.03075e-05
0.0116948
9.39682e-05
0.011788
0.000117689
0.0118823
0.000141434
0.0119779
0.000165171
0.0120748
0.000188861
0.012173
0.000212468
0.0122726
0.000235951
0.0123735
0.00025927
0.0124758
0.000282381
0.0125795
0.000305243
0.0126847
0.000327809
0.0127913
0.000350036
0.0128996
0.000371872
0.0130094
0.000393272
0.0131208
0.000414184
0.0132339
0.000434559
0.0133486
0.000454343
0.0134652
0.000473486
0.0135836
0.000491931
0.0137038
0.000509625
0.0138259
0.000526511
0.01395
0.000542535
0.0140762
0.000557638
0.0142045
0.000571765
0.014335
0.000584856
0.0144677
0.000596856
0.0146028
0.000607705
0.0147403
0.000617347
0.0148804
0.000625722
0.015023
0.000632776
0.0151683
0.00063845
0.0153165
0.00064269
0.0154676
0.000645441
0.0156218
0.000646651
0.0157791
0.000646264
0.0159397
0.000644236
0.0161038
0.000640514
0.0162715
0.000635057
0.0164429
0.000627819
0.0166183
0.000618764
0.0167978
0.000607853
0.0169816
0.000595056
0.0171698
0.000580345
0.0173628
0.0005637
0.0175608
0.000545101
0.0177639
0.000524541
0.0179724
0.000502012
0.0181866
0.000477521
0.0184069
0.000451076
0.0186334
0.000422702
0.0188665
0.000392423
0.0191066
0.000360284
0.019354
0.000326333
0.0196091
0.000290634
0.0198724
0.000253262
0.0201442
0.000214309
0.020425
0.000173876
0.0207153
0.000132085
0.0210156
8.90705e-05
0.0213264
4.49873e-05
0.0216484
0.0219822
2.08084e-05
0.0114914
4.1755e-05
0.011582
6.28122e-05
0.0116738
8.39516e-05
0.0117668
0.000105146
0.0118611
0.000126363
0.0119567
0.000147573
0.0120536
0.000168743
0.0121519
0.000189839
0.0122515
0.000210826
0.0123525
0.000231669
0.0124549
0.000252329
0.0125588
0.000272767
0.0126642
0.000292942
0.0127712
0.000312817
0.0128797
0.000332346
0.0129898
0.000351487
0.0131016
0.000370195
0.0132152
0.000388425
0.0133304
0.00040613
0.0134475
0.000423263
0.0135664
0.000439776
0.0136873
0.00045562
0.0138101
0.000470744
0.0139349
0.0004851
0.0140619
0.000498633
0.014191
0.000511297
0.0143223
0.000523037
0.014456
0.000533802
0.0145921
0.000543539
0.0147306
0.000552198
0.0148717
0.000559726
0.0150155
0.000566072
0.015162
0.000571184
0.0153114
0.000575015
0.0154638
0.000577511
0.0156193
0.000578628
0.015778
0.000578317
0.01594
0.000576536
0.0161056
0.000573238
0.0162748
0.000568385
0.0164478
0.000561937
0.0166248
0.00055386
0.0168059
0.000544119
0.0169913
0.000532691
0.0171813
0.000519544
0.017376
0.000504664
0.0175756
0.000488031
0.0177805
0.00046964
0.0179908
0.000449484
0.0182068
0.000427569
0.0184288
0.000403902
0.0186571
0.000378504
0.0188919
0.0003514
0.0191337
0.000322627
0.0193828
0.000292229
0.0196396
0.000260265
0.0199044
0.000226801
0.0201776
0.000191919
0.0204599
0.000155712
0.0207515
0.000118288
0.021053
7.97675e-05
0.021365
4.02899e-05
0.0216879
0.0220225
1.85945e-05
0.0114728
3.73125e-05
0.0115633
5.61292e-05
0.011655
7.50191e-05
0.011748
9.39577e-05
0.0118422
0.000112919
0.0119378
0.000131873
0.0120347
0.000150794
0.0121329
0.000169649
0.0122326
0.000188409
0.0123337
0.00020704
0.0124363
0.000225508
0.0125404
0.000243781
0.012646
0.000261822
0.0127531
0.000279594
0.0128619
0.000297059
0.0129724
0.00031418
0.0130845
0.000330915
0.0131984
0.000347226
0.0133141
0.000363069
0.0134317
0.000378402
0.0135511
0.000393183
0.0136725
0.000407369
0.0137959
0.000420912
0.0139214
0.000433771
0.014049
0.000445897
0.0141789
0.000457246
0.014311
0.00046777
0.0144455
0.000477424
0.0145824
0.00048616
0.0147219
0.000493933
0.0148639
0.000500694
0.0150087
0.0005064
0.0151563
0.000511001
0.0153068
0.000514457
0.0154603
0.000516718
0.015617
0.000517747
0.0157769
0.000517497
0.0159403
0.000515929
0.0161072
0.000513005
0.0162777
0.000508687
0.0164521
0.000502941
0.0166305
0.000495734
0.0168131
0.000487038
0.017
0.000476828
0.0171915
0.000465078
0.0173877
0.000451776
0.017589
0.000436902
0.0177954
0.000420453
0.0180072
0.000402421
0.0182248
0.000382812
0.0184484
0.000361632
0.0186782
0.000338901
0.0189147
0.000314639
0.019158
0.000288882
0.0194086
0.000261668
0.0196668
0.00023305
0.019933
0.000203088
0.0202076
0.000171855
0.0204911
0.000139434
0.0207839
0.000105923
0.0210865
7.14303e-05
0.0213995
3.60794e-05
0.0217233
0.0220586
1.66178e-05
0.0114562
3.33455e-05
0.0115465
5.01607e-05
0.0116382
6.70437e-05
0.0117311
8.39701e-05
0.0118253
0.000100917
0.0119208
0.000117859
0.0120177
0.00013477
0.012116
0.000151625
0.0122158
0.000168394
0.012317
0.00018505
0.0124196
0.000201563
0.0125238
0.0002179
0.0126296
0.000234033
0.012737
0.000249926
0.012846
0.000265546
0.0129568
0.00028086
0.0130692
0.000295831
0.0131835
0.000310423
0.0132995
0.000324599
0.0134175
0.000338322
0.0135374
0.000351552
0.0136593
0.000364251
0.0137832
0.000376377
0.0139093
0.000387893
0.0140375
0.000398754
0.014168
0.000408924
0.0143008
0.000418355
0.014436
0.000427011
0.0145738
0.000434845
0.014714
0.00044182
0.014857
0.000447889
0.0150026
0.000453016
0.0151512
0.000457156
0.0153027
0.000460269
0.0154572
0.000462316
0.015615
0.000463258
0.015776
0.000463057
0.0159405
0.000461676
0.0161085
0.00045908
0.0162803
0.000455237
0.016456
0.000450114
0.0166356
0.000443684
0.0168195
0.000435919
0.0170078
0.000426797
0.0172006
0.000416297
0.0173982
0.000404403
0.0176009
0.000391103
0.0178087
0.00037639
0.018022
0.000360258
0.018241
0.000342713
0.018466
0.00032376
0.0186972
0.000303417
0.018935
0.000281702
0.0191797
0.000258646
0.0194316
0.000234284
0.0196911
0.000208665
0.0199586
0.00018184
0.0202345
0.000153876
0.0205191
0.000124848
0.020813
9.48434e-05
0.0211165
6.3959e-05
0.0214304
3.23063e-05
0.021755
0.0220909
1.48549e-05
0.0114413
2.98054e-05
0.0115316
4.48357e-05
0.0116231
5.99253e-05
0.011716
7.50552e-05
0.0118102
9.02023e-05
0.0119057
0.000105347
0.0120026
0.000120464
0.0121009
0.000135532
0.0122007
0.000150523
0.012302
0.000165415
0.0124047
0.000180179
0.0125091
0.000194788
0.012615
0.000209213
0.0127226
0.000223426
0.0128318
0.000237396
0.0129428
0.000251095
0.0130555
0.000264486
0.0131701
0.000277542
0.0132865
0.000290226
0.0134048
0.000302506
0.0135251
0.000314347
0.0136474
0.000325714
0.0137718
0.00033657
0.0138984
0.000346881
0.0140272
0.00035661
0.0141583
0.000365718
0.0142917
0.000374169
0.0144276
0.000381927
0.014566
0.000388951
0.014707
0.000395207
0.0148507
0.000400654
0.0149972
0.000405257
0.0151466
0.000408979
0.0152989
0.000411784
0.0154544
0.000413632
0.0156131
0.000414493
0.0157752
0.00041433
0.0159407
0.000413113
0.0161098
0.000410806
0.0162826
0.000407385
0.0164594
0.000402816
0.0166402
0.000397077
0.0168253
0.000390141
0.0170147
0.000381992
0.0172088
0.000372607
0.0174076
0.000361974
0.0176115
0.00035008
0.0178206
0.00033692
0.0180351
0.000322489
0.0182554
0.000306792
0.0184817
0.000289833
0.0187142
0.000271627
0.0189532
0.000252192
0.0191992
0.000231556
0.0194523
0.00020975
0.019713
0.000186816
0.0199816
0.000162802
0.0202585
0.000137767
0.0205441
0.000111779
0.0208389
8.49158e-05
0.0211434
5.72646e-05
0.021458
2.89248e-05
0.0217833
0.0221198
1.32784e-05
0.011428
2.66417e-05
0.0115182
4.00775e-05
0.0116097
5.35658e-05
0.0117025
6.7091e-05
0.0117966
8.06319e-05
0.0118921
9.41711e-05
0.0119891
0.000107686
0.0120874
0.000121157
0.0121872
0.000134561
0.0122886
0.000147876
0.0123914
0.000161076
0.0124959
0.00017414
0.012602
0.00018704
0.0127097
0.000199752
0.0128191
0.000212247
0.0129303
0.000224499
0.0130433
0.000236479
0.0131581
0.000248158
0.0132748
0.000259506
0.0133934
0.000270495
0.0135141
0.000281091
0.0136368
0.000291266
0.0137617
0.000300984
0.0138887
0.000310216
0.014018
0.000318927
0.0141496
0.000327085
0.0142836
0.000334657
0.01442
0.000341606
0.014559
0.000347902
0.0147007
0.000353512
0.0148451
0.000358399
0.0149923
0.000362531
0.0151424
0.000365874
0.0152956
0.000368397
0.0154519
0.000370066
0.0156114
0.000370851
0.0157744
0.000370719
0.0159408
0.000369644
0.0161108
0.000367594
0.0162847
0.000364546
0.0164624
0.00036047
0.0166443
0.000355347
0.0168304
0.000349153
0.0170209
0.00034187
0.0172161
0.000333482
0.017416
0.000323975
0.017621
0.000313339
0.0178312
0.000301569
0.0180469
0.00028866
0.0182683
0.000274616
0.0184957
0.000259441
0.0187293
0.00024315
0.0189695
0.000225757
0.0192165
0.000207288
0.0194708
0.00018777
0.0197325
0.000167241
0.0200021
0.000145745
0.02028
0.000123335
0.0205665
0.00010007
0.0208622
7.6021e-05
0.0211675
5.12663e-05
0.0214828
2.58951e-05
0.0218087
0.0221457
1.18729e-05
0.0114162
2.38187e-05
0.0115063
3.58281e-05
0.0115977
4.7887e-05
0.0116904
5.99772e-05
0.0117845
7.20837e-05
0.01188
8.41876e-05
0.0119769
9.62708e-05
0.0120753
0.000108315
0.0121752
0.000120299
0.0122766
0.000132205
0.0123795
0.000144009
0.0124841
0.000155691
0.0125903
0.000167227
0.0126981
0.000178595
0.0128077
0.000189771
0.0129191
0.00020073
0.0130323
0.000211446
0.0131474
0.000221895
0.0132643
0.000232049
0.0133833
0.00024188
0.0135043
0.000251363
0.0136273
0.000260468
0.0137526
0.000269168
0.01388
0.000277431
0.0140097
0.00028523
0.0141418
0.000292537
0.0142762
0.000299317
0.0144132
0.000305545
0.0145528
0.000311187
0.0146951
0.000316215
0.0148401
0.000320597
0.0149879
0.000324303
0.0151387
0.000327306
0.0152926
0.000329575
0.0154496
0.000331079
0.0156099
0.000331793
0.0157737
0.000331687
0.0159409
0.000330736
0.0161118
0.000328914
0.0162865
0.000326196
0.0164652
0.00032256
0.0166479
0.000317986
0.016835
0.000312452
0.0170264
0.000305945
0.0172226
0.000298446
0.0174235
0.000289947
0.0176295
0.000280435
0.0178407
0.000269908
0.0180574
0.00025836
0.0182799
0.000245796
0.0185083
0.000232219
0.0187429
0.000217642
0.0189841
0.000202077
0.0192321
0.000185548
0.0194873
0.00016808
0.0197499
0.000149706
0.0200205
0.000130465
0.0202992
0.000110406
0.0205866
8.95801e-05
0.020883
6.80525e-05
0.021189
4.58925e-05
0.021505
2.31804e-05
0.0218314
0.0221689
1.06131e-05
0.0114055
2.12934e-05
0.0114956
3.20302e-05
0.0115869
4.28115e-05
0.0116796
5.36208e-05
0.0117737
6.44449e-05
0.0118692
7.52668e-05
0.0119661
8.60705e-05
0.0120645
9.68388e-05
0.0121644
0.000107555
0.0122658
0.0001182
0.0123689
0.000128756
0.0124735
0.000139202
0.0125798
0.00014952
0.0126878
0.000159687
0.0127976
0.000169683
0.0129091
0.000179484
0.0130225
0.000189071
0.0131378
0.000198417
0.013255
0.000207502
0.0133742
0.000216299
0.0134955
0.000224784
0.0136188
0.000232932
0.0137444
0.000240718
0.0138722
0.000248115
0.0140023
0.000255097
0.0141348
0.000261638
0.0142697
0.000267711
0.0144072
0.000273288
0.0145472
0.000278343
0.01469
0.000282848
0.0148356
0.000286777
0.014984
0.000290103
0.0151354
0.000292798
0.0152899
0.000294836
0.0154476
0.000296191
0.0156086
0.000296838
0.015773
0.000296753
0.015941
0.000295911
0.0161126
0.000294289
0.0162881
0.000291867
0.0164676
0.000288622
0.0166512
0.000284537
0.016839
0.000279594
0.0170314
0.000273778
0.0172284
0.000267075
0.0174302
0.000259476
0.0176371
0.00025097
0.0178492
0.000241554
0.0180668
0.000231225
0.0182902
0.000219985
0.0185195
0.000207838
0.0187551
0.000194795
0.0189971
0.000180868
0.019246
0.000166076
0.0195021
0.000150443
0.0197656
0.000133999
0.0200369
0.000116778
0.0203164
9.88236e-05
0.0206046
8.01833e-05
0.0209017
6.09141e-05
0.0212083
4.10785e-05
0.0215248
2.07486e-05
0.0218517
0.0221896
9.49235e-06
0.011396
1.90385e-05
0.011486
2.86381e-05
0.0115773
3.82759e-05
0.01167
4.79411e-05
0.011764
5.76177e-05
0.0118595
6.72936e-05
0.0119564
7.69534e-05
0.0120548
8.65828e-05
0.0121548
9.61643e-05
0.0122563
0.000105684
0.0123593
0.000115123
0.0124641
0.000124465
0.0125705
0.000133691
0.0126786
0.000142785
0.0127885
0.000151724
0.0129002
0.000160492
0.0130137
0.000169066
0.0131292
0.000177428
0.0132466
0.000185554
0.0133661
0.000193425
0.0134876
0.000201017
0.0136112
0.000208309
0.0137371
0.000215276
0.0138652
0.000221896
0.0139957
0.000228146
0.0141285
0.000234003
0.0142638
0.000239439
0.0144017
0.000244435
0.0145422
0.000248962
0.0146855
0.000252999
0.0148315
0.000256519
0.0149805
0.000259501
0.0151324
0.000261918
0.0152875
0.00026375
0.0154457
0.000264969
0.0156074
0.000265557
0.0157724
0.000265487
0.015941
0.000264741
0.0161134
0.000263297
0.0162896
0.000261137
0.0164697
0.00025824
0.016654
0.000254592
0.0168427
0.000250175
0.0170358
0.000244978
0.0172336
0.000238985
0.0174362
0.000232191
0.0176439
0.000224584
0.0178568
0.000216164
0.0180753
0.000206924
0.0182994
0.00019687
0.0185296
0.000186002
0.0187659
0.000174332
0.0190088
0.000161871
0.0192585
0.000148635
0.0195153
0.000134645
0.0197796
0.000119929
0.0200516
0.000104518
0.0203318
8.8449e-05
0.0206206
7.1766e-05
0.0209184
5.45197e-05
0.0212255
3.67662e-05
0.0215425
1.85698e-05
0.0218699
0.0222082
8.48528e-06
0.0113875
1.7021e-05
0.0114775
2.56044e-05
0.0115687
3.42217e-05
0.0116614
4.28635e-05
0.0117554
5.15155e-05
0.0118508
6.01671e-05
0.0119478
6.88043e-05
0.0120462
7.74142e-05
0.0121461
8.59828e-05
0.0122477
9.44944e-05
0.0123508
0.000102935
0.0124556
0.000111289
0.0125621
0.000119541
0.0126703
0.000127673
0.0127803
0.000135668
0.0128922
0.00014351
0.0130059
0.00015118
0.0131215
0.000158659
0.0132391
0.000165928
0.0133588
0.00017297
0.0134805
0.000179762
0.0136044
0.000186287
0.0137306
0.000192521
0.013859
0.000198447
0.0139897
0.00020404
0.0141229
0.000209282
0.0142586
0.00021415
0.0143968
0.000218621
0.0145378
0.000222676
0.0146814
0.000226292
0.0148279
0.000229447
0.0149773
0.000232121
0.0151297
0.000234288
0.0152853
0.000235932
0.0154441
0.000237028
0.0156062
0.000237559
0.0157719
0.000237503
0.0159411
0.000236842
0.016114
0.000235555
0.0162908
0.000233629
0.0164716
0.000231043
0.0166566
0.000227784
0.0168459
0.000223838
0.0170397
0.000219192
0.0172382
0.000213835
0.0174416
0.00020776
0.01765
0.000200958
0.0178636
0.000193427
0.0180828
0.000185163
0.0183077
0.000176169
0.0185385
0.000166447
0.0187756
0.000156007
0.0190192
0.000144857
0.0192696
0.000133014
0.0195271
0.000120496
0.0197921
0.000107328
0.0200648
9.35365e-05
0.0203456
7.91566e-05
0.020635
6.42266e-05
0.0209333
4.87922e-05
0.021241
3.29036e-05
0.0215584
1.66186e-05
0.0218862
0.0222248
7.5885e-06
0.01138
1.52196e-05
0.0114698
2.28921e-05
0.011561
3.05975e-05
0.0116536
3.83231e-05
0.0117476
4.60599e-05
0.0118431
5.37949e-05
0.01194
6.15178e-05
0.0120385
6.92164e-05
0.0121384
7.68772e-05
0.01224
8.44887e-05
0.0123432
9.20372e-05
0.012448
9.95081e-05
0.0125546
0.000106887
0.0126629
0.000114159
0.012773
0.00012131
0.012885
0.000128324
0.0129988
0.000135184
0.0131146
0.000141874
0.0132324
0.000148377
0.0133523
0.000154676
0.0134742
0.000160753
0.0135984
0.00016659
0.0137247
0.000172168
0.0138534
0.00017747
0.0139844
0.000182475
0.0141179
0.000187167
0.0142539
0.000191523
0.0143925
0.000195528
0.0145337
0.000199159
0.0146778
0.000202397
0.0148246
0.000205222
0.0149745
0.000207617
0.0151273
0.000209562
0.0152833
0.000211036
0.0154426
0.000212022
0.0156053
0.000212501
0.0157714
0.000212456
0.0159411
0.000211869
0.0161146
0.000210723
0.016292
0.000209004
0.0164734
0.000206695
0.0166589
0.000203784
0.0168488
0.000200258
0.0170433
0.000196105
0.0172424
0.000191316
0.0174463
0.000185885
0.0176554
0.000179802
0.0178697
0.000173067
0.0180895
0.000165676
0.0183151
0.000157631
0.0185466
0.000148934
0.0187843
0.000139594
0.0190286
0.000129619
0.0192796
0.000119024
0.0195377
0.000107824
0.0198033
9.60413e-05
0.0200766
8.37008e-05
0.020358
7.08336e-05
0.0206479
5.74737e-05
0.0209466
4.36621e-05
0.0212548
2.94439e-05
0.0215726
1.48708e-05
0.0219008
0.0222397
6.78352e-06
0.0113732
1.36068e-05
0.011463
2.04672e-05
0.0115542
2.73563e-05
0.0116467
3.42637e-05
0.0117407
4.11814e-05
0.0118362
4.80979e-05
0.0119331
5.50033e-05
0.0120315
6.18863e-05
0.0121315
6.87373e-05
0.0122331
7.55434e-05
0.0123364
8.22923e-05
0.0124413
8.89723e-05
0.0125479
9.55715e-05
0.0126563
0.000102075
0.0127665
0.00010847
0.0128786
0.000114742
0.0129926
0.000120878
0.0131085
0.000126861
0.0132264
0.000132677
0.0133464
0.000138312
0.0134686
0.000143748
0.0135929
0.00014897
0.0137195
0.000153961
0.0138484
0.000158705
0.0139797
0.000163183
0.0141134
0.000167382
0.0142497
0.000171282
0.0143886
0.000174865
0.0145301
0.000178115
0.0146745
0.000181015
0.0148217
0.000183546
0.0149719
0.000185692
0.0151252
0.000187433
0.0152816
0.000188755
0.0154413
0.000189642
0.0156044
0.000190074
0.0157709
0.000190037
0.0159411
0.000189515
0.0161151
0.000188495
0.016293
0.00018696
0.0164749
0.000184899
0.016661
0.000182298
0.0168514
0.000179147
0.0170464
0.000175435
0.0172461
0.000171154
0.0174506
0.000166298
0.0176602
0.000160859
0.0178751
0.000154836
0.0180955
0.000148226
0.0183217
0.00014103
0.0185538
0.000133251
0.0187921
0.000124897
0.0190369
0.000115973
0.0192885
0.000106494
0.0195472
9.64742e-05
0.0198133
8.59328e-05
0.0200871
7.48918e-05
0.020369
6.33791e-05
0.0206594
5.14254e-05
0.0209586
3.90672e-05
0.0212671
2.63451e-05
0.0215854
1.33055e-05
0.0219138
0.022253
6.06614e-06
0.0113671
1.2165e-05
0.0114569
1.82991e-05
0.011548
2.44576e-05
0.0116406
3.06337e-05
0.0117345
3.68176e-05
0.01183
4.30015e-05
0.0119269
4.9176e-05
0.0120253
5.53307e-05
0.0121254
6.14553e-05
0.012227
6.75409e-05
0.0123303
7.35753e-05
0.0124352
7.95496e-05
0.0125419
8.5449e-05
0.0126504
9.12655e-05
0.0127607
9.69837e-05
0.0128729
0.000102593
0.0129869
0.00010808
0.013103
0.000113431
0.0132211
0.000118634
0.0133412
0.000123673
0.0134635
0.000128535
0.013588
0.000133206
0.0137148
0.000137671
0.0138439
0.000141915
0.0139754
0.000145922
0.0141094
0.000149678
0.0142459
0.000153168
0.0143851
0.000156375
0.0145269
0.000159284
0.0146716
0.000161879
0.0148191
0.000164146
0.0149696
0.000166067
0.0151232
0.000167628
0.01528
0.000168815
0.0154401
0.000169609
0.0156036
0.00017
0.0157705
0.000169969
0.0159412
0.000169506
0.0161156
0.000168595
0.0162939
0.000167226
0.0164762
0.000165385
0.0166628
0.000163061
0.0168537
0.000160244
0.0170492
0.000156928
0.0172494
0.000153101
0.0174544
0.000148759
0.0176646
0.000143896
0.01788
0.00013851
0.0181009
0.000132599
0.0183276
0.000126163
0.0185602
0.000119206
0.018799
0.000111733
0.0190444
0.000103752
0.0192965
9.52727e-05
0.0195557
8.63091e-05
0.0198222
7.68789e-05
0.0200965
6.70017e-05
0.0203789
5.67022e-05
0.0206697
4.6008e-05
0.0209693
3.49519e-05
0.0212782
2.35699e-05
0.0215967
1.19035e-05
0.0219255
0.0222649
5.42111e-06
0.0113617
1.08752e-05
0.0114514
1.63586e-05
0.0115425
2.18652e-05
0.0116351
2.7387e-05
0.011729
3.29155e-05
0.0118244
3.84442e-05
0.0119214
4.39634e-05
0.0120198
4.94661e-05
0.0121199
5.49418e-05
0.0122215
6.03828e-05
0.0123248
6.57787e-05
0.0124298
7.11193e-05
0.0125366
7.63945e-05
0.0126451
8.15948e-05
0.0127555
8.67084e-05
0.0128677
9.17245e-05
0.0129819
9.66304e-05
0.0130981
0.000101416
0.0132163
0.000106068
0.0133366
0.000110575
0.013459
0.000114924
0.0135837
0.000119102
0.0137106
0.000123095
0.0138399
0.000126891
0.0139716
0.000130476
0.0141058
0.000133837
0.0142425
0.000136958
0.0143819
0.000139828
0.014524
0.000142431
0.014669
0.000144755
0.0148168
0.000146783
0.0149676
0.000148504
0.0151215
0.000149902
0.0152786
0.000150965
0.015439
0.000151678
0.0156028
0.000152029
0.0157702
0.000152004
0.0159412
0.000151592
0.016116
0.00015078
0.0162947
0.000149558
0.0164775
0.000147913
0.0166645
0.000145838
0.0168558
0.000143322
0.0170517
0.000140357
0.0172523
0.000136936
0.0174578
0.000133054
0.0176684
0.000128707
0.0178843
0.000123891
0.0181057
0.000118604
0.0183329
0.00011285
0.0185659
0.000106628
0.0188053
9.99446e-05
0.0190511
9.28058e-05
0.0193036
8.52222e-05
0.0195633
7.7205e-05
0.0198303
6.87701e-05
0.020105
5.9935e-05
0.0203877
5.0722e-05
0.0206789
4.11558e-05
0.0209788
3.12656e-05
0.0212881
2.10841e-05
0.0216069
1.06483e-05
0.0219359
0.0222755
4.84748e-06
0.0113568
9.72222e-06
0.0114465
1.46238e-05
0.0115376
1.95461e-05
0.0116301
2.44814e-05
0.0117241
2.94239e-05
0.0118195
3.43657e-05
0.0119164
3.92996e-05
0.0120149
4.42187e-05
0.0121149
4.91143e-05
0.0122166
5.39784e-05
0.01232
5.88012e-05
0.012425
6.35762e-05
0.0125318
6.82936e-05
0.0126404
7.29425e-05
0.0127508
7.75139e-05
0.0128631
8.19988e-05
0.0129774
8.63851e-05
0.0130937
9.06642e-05
0.013212
9.4824e-05
0.0133324
9.8854e-05
0.013455
0.000102743
0.0135798
0.000106479
0.0137069
0.00011005
0.0138363
0.000113444
0.0139682
0.000116652
0.0141026
0.000119658
0.0142395
0.00012245
0.0143791
0.000125018
0.0145215
0.000127347
0.0146666
0.000129425
0.0148147
0.00013124
0.0149658
0.00013278
0.01512
0.000134032
0.0152774
0.000134985
0.0154381
0.000135624
0.0156022
0.00013594
0.0157699
0.00013592
0.0159412
0.000135554
0.0161163
0.000134829
0.0162954
0.000133738
0.0164785
0.00013227
0.0166659
0.000130415
0.0168577
0.000128167
0.017054
0.000125516
0.017255
0.000122459
0.0174609
0.000118989
0.0176719
0.000115102
0.0178882
0.000110797
0.01811
0.000106071
0.0183376
0.000100925
0.0185711
9.5362e-05
0.0188108
8.93858e-05
0.019057
8.30019e-05
0.01931
7.62201e-05
0.01957
6.90501e-05
0.0198374
6.15064e-05
0.0201125
5.36048e-05
0.0203956
4.53652e-05
0.0206871
3.68093e-05
0.0209874
2.79639e-05
0.0212969
1.88577e-05
0.021616
9.52395e-06
0.0219453
0.0222851
4.33046e-06
0.0113525
8.68782e-06
0.0114422
1.30703e-05
0.0115332
1.74702e-05
0.0116257
2.18818e-05
0.0117197
2.62996e-05
0.0118151
3.0717e-05
0.011912
3.51275e-05
0.0120105
3.95234e-05
0.0121105
4.38993e-05
0.0122122
4.82466e-05
0.0123156
5.25592e-05
0.0124207
5.68269e-05
0.0125275
6.10431e-05
0.0126362
6.51984e-05
0.0127467
6.92858e-05
0.0128591
7.32942e-05
0.0129734
7.72167e-05
0.0130897
8.10417e-05
0.0132082
8.47608e-05
0.0133287
8.83634e-05
0.0134514
9.18403e-05
0.0135763
9.51802e-05
0.0137035
9.83736e-05
0.0138331
0.00010141
0.0139652
0.000104277
0.0140997
0.000106965
0.0142368
0.000109462
0.0143766
0.000111759
0.0145192
0.000113842
0.0146645
0.000115702
0.0148128
0.000117326
0.0149642
0.000118705
0.0151186
0.000119825
0.0152762
0.000120678
0.0154372
0.00012125
0.0156016
0.000121535
0.0157696
0.000121518
0.0159412
0.000121193
0.0161167
0.000120546
0.016296
0.000119572
0.0164795
0.00011826
0.0166672
0.000116604
0.0168593
0.000114594
0.017056
0.000112227
0.0172573
0.000109494
0.0174636
0.000106393
0.017675
0.000102918
0.0178917
9.90701e-05
0.0181139
9.48446e-05
0.0183418
9.02452e-05
0.0185757
8.52711e-05
0.0188158
7.9928e-05
0.0190624
7.42201e-05
0.0193157
6.81563e-05
0.0195761
6.17452e-05
0.0198438
5.50001e-05
0.0201192
4.79343e-05
0.0204027
4.05665e-05
0.0206945
3.29158e-05
0.0209951
2.50063e-05
0.0213048
1.68635e-05
0.0216242
8.51746e-06
0.0219536
0.0222936
3.87043e-06
0.0113486
7.76535e-06
0.0114383
1.16808e-05
0.0115293
1.56116e-05
0.0116218
1.95552e-05
0.0117157
2.35026e-05
0.0118111
2.74501e-05
0.011908
3.1391e-05
0.0120065
3.53205e-05
0.0121066
3.92307e-05
0.0122083
4.31167e-05
0.0123117
4.69696e-05
0.0124168
5.07846e-05
0.0125237
5.45525e-05
0.0126324
5.82669e-05
0.0127429
6.19193e-05
0.0128554
6.55025e-05
0.0129698
6.90076e-05
0.0130862
7.24274e-05
0.0132047
7.57507e-05
0.0133253
7.89721e-05
0.0134481
8.20789e-05
0.0135732
8.50658e-05
0.0137005
8.79202e-05
0.0138303
9.06342e-05
0.0139624
9.31974e-05
0.0140971
9.56008e-05
0.0142344
9.78336e-05
0.0143744
9.98869e-05
0.0145171
0.00010175
0.0146627
0.000103413
0.0148112
0.000104866
0.0149627
0.000106099
0.0151173
0.000107102
0.0152752
0.000107864
0.0154364
0.000108379
0.0156011
0.000108633
0.0157693
0.00010862
0.0159412
0.00010833
0.0161169
0.000107753
0.0162966
0.000106884
0.0164804
0.000105712
0.0166684
0.000104233
0.0168608
0.000102438
0.0170578
0.000100322
0.0172595
9.7881e-05
0.0174661
9.51089e-05
0.0176778
9.20048e-05
0.0178948
8.85652e-05
0.0181173
8.47888e-05
0.0183456
8.06773e-05
0.0185798
7.62306e-05
0.0188202
7.14548e-05
0.0190672
6.63525e-05
0.0193208
6.0932e-05
0.0195815
5.52006e-05
0.0198496
4.91706e-05
0.0201253
4.28539e-05
0.020409
3.62672e-05
0.0207011
2.94275e-05
0.0210019
2.23563e-05
0.0213119
1.50769e-05
0.0216315
7.61584e-06
0.0219611
0.0223012
3.45478e-06
0.0113451
6.93594e-06
0.0114348
1.04355e-05
0.0115258
1.39492e-05
0.0116183
1.74714e-05
0.0117122
2.09985e-05
0.0118076
2.45257e-05
0.0119045
2.8047e-05
0.012003
3.1558e-05
0.0121031
3.50522e-05
0.0122048
3.85236e-05
0.0123082
4.19669e-05
0.0124134
4.53749e-05
0.0125203
4.87413e-05
0.012629
5.20607e-05
0.0127396
5.5324e-05
0.0128521
5.85262e-05
0.0129666
6.16579e-05
0.0130831
6.47131e-05
0.0132017
6.76837e-05
0.0133224
7.05616e-05
0.0134453
7.33391e-05
0.0135704
7.60074e-05
0.0136979
7.8558e-05
0.0138277
8.09842e-05
0.01396
8.32747e-05
0.0140948
8.54234e-05
0.0142323
8.74196e-05
0.0143724
8.92549e-05
0.0145153
9.09205e-05
0.014661
9.24073e-05
0.0148097
9.37065e-05
0.0149614
9.48089e-05
0.0151162
9.57053e-05
0.0152743
9.63889e-05
0.0154358
9.6848e-05
0.0156006
9.70774e-05
0.0157691
9.70656e-05
0.0159412
9.6807e-05
0.0161172
9.62933e-05
0.0162971
9.55169e-05
0.0164812
9.44713e-05
0.0166694
9.31498e-05
0.0168621
9.15459e-05
0.0170594
8.96569e-05
0.0172613
8.7475e-05
0.0174682
8.50008e-05
0.0176802
8.22261e-05
0.0178976
7.91525e-05
0.0181204
7.57786e-05
0.0183489
7.21042e-05
0.0185835
6.81316e-05
0.0188242
6.38631e-05
0.0190714
5.9303e-05
0.0193254
5.44587e-05
0.0195864
4.93364e-05
0.0198547
4.39472e-05
0.0201307
3.83018e-05
0.0204146
3.24148e-05
0.020707
2.63019e-05
0.021008
1.99822e-05
0.0213182
1.34764e-05
0.021638
6.80828e-06
0.0219677
0.022308
3.08767e-06
0.0113421
6.1967e-06
0.0114317
9.32185e-06
0.0115227
1.24597e-05
0.0116151
1.5606e-05
0.011709
1.87563e-05
0.0118044
2.19065e-05
0.0119014
2.50517e-05
0.0119998
2.8188e-05
0.0120999
3.1308e-05
0.0122017
3.44089e-05
0.0123051
3.74841e-05
0.0124103
4.05285e-05
0.0125173
4.35358e-05
0.012626
4.65005e-05
0.0127367
4.94157e-05
0.0128492
5.22759e-05
0.0129638
5.50737e-05
0.0130803
5.78031e-05
0.0131989
6.04566e-05
0.0133197
6.30278e-05
0.0134427
6.55087e-05
0.0135679
6.78929e-05
0.0136955
7.01719e-05
0.0138254
7.23391e-05
0.0139578
7.43859e-05
0.0140928
7.63062e-05
0.0142304
7.80887e-05
0.0143706
7.97289e-05
0.0145136
8.1217e-05
0.0146595
8.2546e-05
0.0148084
8.37068e-05
0.0149602
8.46928e-05
0.0151153
8.54944e-05
0.0152735
8.61054e-05
0.0154351
8.65166e-05
0.0156002
8.67219e-05
0.0157689
8.67124e-05
0.0159412
8.64826e-05
0.0161174
8.60239e-05
0.0162976
8.53316e-05
0.0164819
8.43977e-05
0.0166704
8.32183e-05
0.0168633
8.17865e-05
0.0170608
8.00993e-05
0.017263
7.81519e-05
0.0174702
7.59399e-05
0.0176825
7.34619e-05
0.0179
7.07169e-05
0.0181231
6.77025e-05
0.018352
6.44207e-05
0.0185868
6.08712e-05
0.0188278
5.70583e-05
0.0190753
5.29846e-05
0.0193295
4.86565e-05
0.0195907
4.40803e-05
0.0198593
3.92653e-05
0.0201355
3.42212e-05
0.0204197
2.89616e-05
0.0207122
2.35001e-05
0.0210135
1.78541e-05
0.0213239
1.20417e-05
0.0216438
6.08489e-06
0.0219737
0.0223141
2.75228e-06
0.0113393
5.53008e-06
0.0114289
8.32202e-06
0.0115199
1.11244e-05
0.0116123
1.3934e-05
0.0117062
1.67471e-05
0.0118016
1.95601e-05
0.0118986
2.23686e-05
0.0119971
2.51678e-05
0.0120972
2.79543e-05
0.0121989
3.07232e-05
0.0123024
3.34691e-05
0.0124076
3.61869e-05
0.0125145
3.88721e-05
0.0126234
4.15194e-05
0.012734
4.41225e-05
0.0128466
4.66766e-05
0.0129612
4.91749e-05
0.0130778
5.16123e-05
0.0131965
5.39817e-05
0.0133174
5.62779e-05
0.0134404
5.84933e-05
0.0135657
6.06226e-05
0.0136934
6.2657e-05
0.0138234
6.45926e-05
0.0139559
6.64205e-05
0.014091
6.81342e-05
0.0142287
6.97269e-05
0.014369
7.11922e-05
0.0145122
7.25214e-05
0.0146582
7.37088e-05
0.0148072
7.47458e-05
0.0149592
7.56269e-05
0.0151144
7.63433e-05
0.0152728
7.68888e-05
0.0154346
7.72565e-05
0.0155999
7.74407e-05
0.0157687
7.74328e-05
0.0159413
7.72284e-05
0.0161177
7.68194e-05
0.016298
7.6202e-05
0.0164825
7.53686e-05
0.0166712
7.43163e-05
0.0168644
7.30383e-05
0.0170621
7.15323e-05
0.0172646
6.9791e-05
0.0174719
6.78172e-05
0.0176845
6.56048e-05
0.0179023
6.31541e-05
0.0181256
6.04626e-05
0.0183547
5.75324e-05
0.0185897
5.43629e-05
0.018831
5.09582e-05
0.0190787
4.73202e-05
0.0193331
4.34554e-05
0.0195946
3.93679e-05
0.0198634
3.50679e-05
0.0201398
3.05632e-05
0.0204242
2.5866e-05
0.0207169
2.09884e-05
0.0210184
1.59462e-05
0.0213289
1.07558e-05
0.021649
5.43624e-06
0.0219791
0.0223196
2.45924e-06
0.0113368
4.93785e-06
0.0114264
7.42843e-06
0.0115174
9.9286e-06
0.0116098
1.24355e-05
0.0117037
1.49455e-05
0.0117991
1.74555e-05
0.011896
1.99614e-05
0.0119945
2.24598e-05
0.0120947
2.49463e-05
0.0121964
2.74171e-05
0.0122999
2.98674e-05
0.0124051
3.22941e-05
0.0125121
3.46903e-05
0.012621
3.70527e-05
0.0127317
3.93757e-05
0.0128443
4.1655e-05
0.0129589
4.38844e-05
0.0130756
4.60596e-05
0.0131943
4.81742e-05
0.0133152
5.02234e-05
0.0134384
5.22006e-05
0.0135637
5.41009e-05
0.0136915
5.5918e-05
0.0138216
5.76456e-05
0.0139542
5.9277e-05
0.0140894
6.08073e-05
0.0142271
6.22288e-05
0.0143676
6.35367e-05
0.0145109
6.4723e-05
0.014657
6.57831e-05
0.0148061
6.67088e-05
0.0149583
6.74954e-05
0.0151136
6.81349e-05
0.0152722
6.86238e-05
0.0154341
6.89522e-05
0.0155995
6.91169e-05
0.0157686
6.91101e-05
0.0159413
6.8928e-05
0.0161178
6.85632e-05
0.0162984
6.80126e-05
0.016483
6.72691e-05
0.016672
6.63301e-05
0.0168653
6.51896e-05
0.0170632
6.38458e-05
0.0172659
6.22946e-05
0.0174735
6.05331e-05
0.0176862
5.85585e-05
0.0179043
5.63713e-05
0.0181278
5.3969e-05
0.0183571
5.13537e-05
0.0185923
4.85246e-05
0.0188338
4.54856e-05
0.0190817
4.22382e-05
0.0193364
3.87883e-05
0.019598
3.51406e-05
0.019867
3.13027e-05
0.0201437
2.72815e-05
0.0204282
2.30888e-05
0.0207211
1.87351e-05
0.0210227
1.42347e-05
0.0213334
9.60209e-06
0.0216537
4.85435e-06
0.0219838
0.0223244
2.18748e-06
0.0113347
4.40069e-06
0.0114242
6.62404e-06
0.0115152
8.85512e-06
0.0116076
1.1091e-05
0.0117015
1.33302e-05
0.0117969
1.55693e-05
0.0118938
1.78047e-05
0.0119923
2.00327e-05
0.0120925
2.22507e-05
0.0121942
2.44547e-05
0.0122977
2.66397e-05
0.012403
2.88037e-05
0.01251
3.09411e-05
0.0126188
3.30477e-05
0.0127296
3.51198e-05
0.0128423
3.7153e-05
0.0129569
3.91409e-05
0.0130736
4.10813e-05
0.0131924
4.29675e-05
0.0133134
4.47956e-05
0.0134366
4.65585e-05
0.013562
4.82538e-05
0.0136898
4.98741e-05
0.01382
5.14146e-05
0.0139527
5.287e-05
0.0140879
5.42354e-05
0.0142258
5.55029e-05
0.0143664
5.667e-05
0.0145097
5.77285e-05
0.014656
5.86746e-05
0.0148052
5.94998e-05
0.0149575
6.02021e-05
0.0151129
6.07731e-05
0.0152716
6.12082e-05
0.0154337
6.15017e-05
0.0155993
6.16494e-05
0.0157684
6.16431e-05
0.0159413
6.14814e-05
0.016118
6.11567e-05
0.0162987
6.06654e-05
0.0164836
6.00029e-05
0.0166726
5.91662e-05
0.0168662
5.81496e-05
0.0170643
5.69509e-05
0.0172671
5.5567e-05
0.0174749
5.39967e-05
0.0176878
5.22349e-05
0.017906
5.02847e-05
0.0181298
4.81425e-05
0.0183592
4.58092e-05
0.0185947
4.32862e-05
0.0188363
4.0576e-05
0.0190844
3.76798e-05
0.0193393
3.46019e-05
0.0196011
3.1348e-05
0.0198703
2.79244e-05
0.0201471
2.43369e-05
0.0204318
2.05968e-05
0.0207249
1.67132e-05
0.0210266
1.2699e-05
0.0213375
8.56671e-06
0.0216578
4.33207e-06
0.0219881
0.0223288
1.9553e-06
0.0113327
3.92581e-06
0.0114223
5.90493e-06
0.0115132
7.89154e-06
0.0116056
9.88487e-06
0.0116995
1.18793e-05
0.0117949
1.38738e-05
0.0118918
1.58657e-05
0.0119903
1.78517e-05
0.0120905
1.98275e-05
0.0121923
2.17916e-05
0.0122958
2.37394e-05
0.012401
2.56671e-05
0.0125081
2.75712e-05
0.0126169
2.945e-05
0.0127277
3.12959e-05
0.0128404
3.31072e-05
0.0129551
3.48802e-05
0.0130719
3.66088e-05
0.0131907
3.82891e-05
0.0133117
3.99184e-05
0.0134349
4.14903e-05
0.0135604
4.30005e-05
0.0136883
4.44446e-05
0.0138186
4.58184e-05
0.0139513
4.71148e-05
0.0140866
4.83319e-05
0.0142246
4.94624e-05
0.0143652
5.05019e-05
0.0145087
5.14456e-05
0.014655
5.22882e-05
0.0148044
5.30247e-05
0.0149568
5.3651e-05
0.0151123
5.41593e-05
0.0152711
5.45482e-05
0.0154333
5.48102e-05
0.015599
5.49413e-05
0.0157683
5.49369e-05
0.0159413
5.47925e-05
0.0161182
5.45035e-05
0.016299
5.4067e-05
0.016484
5.3476e-05
0.0166732
5.27308e-05
0.0168669
5.18243e-05
0.0170652
5.07573e-05
0.0172682
4.95243e-05
0.0174761
4.81243e-05
0.0176892
4.65555e-05
0.0179076
4.48178e-05
0.0181315
4.29078e-05
0.0183612
4.08296e-05
0.0185968
3.85812e-05
0.0188386
3.6165e-05
0.0190869
3.35826e-05
0.0193419
3.08417e-05
0.0196039
2.79405e-05
0.0198732
2.48882e-05
0.0201502
2.16919e-05
0.0204351
1.83584e-05
0.0207283
1.48969e-05
0.0210301
1.13191e-05
0.0213411
7.63652e-06
0.0216615
3.86243e-06
0.0219919
0.0223326
1.7334e-06
0.011331
3.4907e-06
0.0114205
5.25533e-06
0.0115115
7.02563e-06
0.0116039
8.80015e-06
0.0116978
1.05767e-05
0.0117932
1.23531e-05
0.0118901
1.41259e-05
0.0119886
1.58941e-05
0.0120887
1.76537e-05
0.0121905
1.94016e-05
0.012294
2.11356e-05
0.0123993
2.28525e-05
0.0125064
2.45481e-05
0.0126153
2.62193e-05
0.0127261
2.78631e-05
0.0128388
2.94762e-05
0.0129535
3.10531e-05
0.0130703
3.25926e-05
0.0131892
3.40889e-05
0.0133102
3.55393e-05
0.0134335
3.69385e-05
0.0135591
3.82836e-05
0.013687
3.95684e-05
0.0138173
4.07913e-05
0.0139501
4.19461e-05
0.0140855
4.30287e-05
0.0142235
4.40351e-05
0.0143643
4.49613e-05
0.0145078
4.58005e-05
0.0146542
4.65515e-05
0.0148036
4.72072e-05
0.0149561
4.77639e-05
0.0151118
4.82172e-05
0.0152707
4.85636e-05
0.015433
4.8796e-05
0.0155988
4.89138e-05
0.0157682
4.89109e-05
0.0159413
4.87833e-05
0.0161183
4.85252e-05
0.0162993
4.81368e-05
0.0164844
4.76117e-05
0.0166738
4.69476e-05
0.0168676
4.61415e-05
0.017066
4.51918e-05
0.0172692
4.40932e-05
0.0174773
4.28479e-05
0.0176905
4.14513e-05
0.017909
3.99034e-05
0.0181331
3.82039e-05
0.0183629
3.63538e-05
0.0185986
3.43509e-05
0.0188406
3.22006e-05
0.019089
2.99036e-05
0.0193442
2.74611e-05
0.0196063
2.48789e-05
0.0198758
2.21622e-05
0.0201529
1.93151e-05
0.0204379
1.63467e-05
0.0207312
1.32648e-05
0.0210332
1.00792e-05
0.0213443
6.80015e-06
0.0216648
3.43997e-06
0.0219953
0.0223361
1.55146e-06
0.0113294
3.10927e-06
0.011419
4.67478e-06
0.0115099
6.24723e-06
0.0116023
7.82345e-06
0.0116962
9.4024e-06
0.0117916
1.09815e-05
0.0118885
1.2558e-05
0.011987
1.41298e-05
0.0120872
1.56941e-05
0.012189
1.72486e-05
0.0122925
1.87901e-05
0.0123978
2.03164e-05
0.0125048
2.18239e-05
0.0126138
2.33102e-05
0.0127246
2.47717e-05
0.0128373
2.6205e-05
0.0129521
2.76076e-05
0.0130689
2.89763e-05
0.0131878
3.03066e-05
0.0133089
3.15953e-05
0.0134322
3.28392e-05
0.0135578
3.40351e-05
0.0136858
3.5178e-05
0.0138162
3.62653e-05
0.013949
3.72919e-05
0.0140845
3.82552e-05
0.0142226
3.915e-05
0.0143634
3.99735e-05
0.014507
4.07196e-05
0.0146535
4.13873e-05
0.014803
4.19703e-05
0.0149555
4.24662e-05
0.0151113
4.28694e-05
0.0152703
4.31775e-05
0.0154327
4.33851e-05
0.0155986
4.34899e-05
0.0157681
4.34857e-05
0.0159413
4.33725e-05
0.0161184
4.31441e-05
0.0162995
4.2799e-05
0.0164848
4.23323e-05
0.0166743
4.1742e-05
0.0168682
4.10255e-05
0.0170667
4.01814e-05
0.01727
3.92057e-05
0.0174782
3.80987e-05
0.0176916
3.68571e-05
0.0179103
3.5482e-05
0.0181345
3.3971e-05
0.0183644
3.23262e-05
0.0186003
3.05464e-05
0.0188424
2.86346e-05
0.019091
2.659e-05
0.0193462
2.44191e-05
0.0196085
2.21218e-05
0.0198781
1.97061e-05
0.0201553
1.71749e-05
0.0204405
1.4536e-05
0.0207339
1.17957e-05
0.021036
8.9631e-06
0.0213471
6.04727e-06
0.0216677
3.05898e-06
0.0219983
0.0223392
1.36758e-06
0.0113281
2.7556e-06
0.0114176
4.14916e-06
0.0115086
5.54639e-06
0.011601
6.9462e-06
0.0116948
8.3483e-06
0.0117902
9.75039e-06
0.0118871
1.11493e-05
0.0119856
1.25449e-05
0.0120858
1.39336e-05
0.0121876
1.53129e-05
0.0122911
1.66813e-05
0.0123964
1.80362e-05
0.0125035
1.93735e-05
0.0126124
2.06928e-05
0.0127233
2.199e-05
0.0128361
2.32628e-05
0.0129508
2.45077e-05
0.0130677
2.57225e-05
0.0131866
2.69024e-05
0.0133077
2.80469e-05
0.0134311
2.9151e-05
0.0135567
3.02116e-05
0.0136847
3.1226e-05
0.0138152
3.2191e-05
0.0139481
3.31022e-05
0.0140836
3.39564e-05
0.0142217
3.47505e-05
0.0143626
3.54816e-05
0.0145063
3.61446e-05
0.0146528
3.67373e-05
0.0148024
3.7255e-05
0.014955
3.76943e-05
0.0151109
3.80523e-05
0.01527
3.8326e-05
0.0154324
3.85095e-05
0.0155984
3.86028e-05
0.015768
3.86002e-05
0.0159414
3.8499e-05
0.0161186
3.82965e-05
0.0162997
3.79906e-05
0.0164851
3.75757e-05
0.0166747
3.70539e-05
0.0168687
3.64183e-05
0.0170674
3.56685e-05
0.0172708
3.48028e-05
0.0174791
3.38207e-05
0.0176926
3.2719e-05
0.0179114
3.14977e-05
0.0181357
3.01569e-05
0.0183657
2.86972e-05
0.0186018
2.71164e-05
0.018844
2.54198e-05
0.0190927
2.3606e-05
0.0193481
2.16781e-05
0.0196105
1.96412e-05
0.0198802
1.74969e-05
0.0201575
1.52488e-05
0.0204427
1.29061e-05
0.0207362
1.0473e-05
0.0210384
7.95774e-06
0.0213496
5.36888e-06
0.0216703
2.71586e-06
0.0220009
0.0223419
1.22492e-06
0.0113269
2.44685e-06
0.0114164
3.67609e-06
0.0115073
4.91167e-06
0.0115997
6.15185e-06
0.0116936
7.39313e-06
0.0117889
8.63448e-06
0.0118859
9.87387e-06
0.0119844
1.11096e-05
0.0120845
1.23393e-05
0.0121864
1.35621e-05
0.0122899
1.47739e-05
0.0123952
1.59728e-05
0.0125023
1.71585e-05
0.0126112
1.83268e-05
0.0127221
1.94755e-05
0.0128349
2.06033e-05
0.0129497
2.17057e-05
0.0130666
2.27805e-05
0.0131855
2.38268e-05
0.0133067
2.48402e-05
0.0134301
2.58178e-05
0.0135557
2.67583e-05
0.0136838
2.76557e-05
0.0138143
2.85101e-05
0.0139472
2.93169e-05
0.0140828
3.00747e-05
0.014221
3.07779e-05
0.0143619
3.14241e-05
0.0145056
3.2012e-05
0.0146522
3.25367e-05
0.0148019
3.2995e-05
0.0149546
3.33856e-05
0.0151105
3.37026e-05
0.0152696
3.39439e-05
0.0154322
3.4108e-05
0.0155983
3.41906e-05
0.0157679
3.41882e-05
0.0159414
3.41003e-05
0.0161186
3.392e-05
0.0162999
3.3649e-05
0.0164853
3.32834e-05
0.0166751
3.28204e-05
0.0168692
3.22575e-05
0.0170679
3.15953e-05
0.0172714
3.08276e-05
0.0174799
2.99576e-05
0.0176935
2.89818e-05
0.0179124
2.79021e-05
0.0181368
2.67145e-05
0.0183669
2.54203e-05
0.0186031
2.40223e-05
0.0188454
2.25192e-05
0.0190942
2.09125e-05
0.0193497
1.92067e-05
0.0196122
1.73998e-05
0.019882
1.54999e-05
0.0201594
1.35104e-05
0.0204447
1.14345e-05
0.0207383
9.27867e-06
0.0210406
7.05048e-06
0.0213519
4.75675e-06
0.0216726
2.40561e-06
0.0220033
0.0223443
1.0721e-06
0.0113258
2.15795e-06
0.0114153
3.24779e-06
0.0115063
4.34046e-06
0.0115986
5.43656e-06
0.0116925
6.53323e-06
0.0117879
7.63062e-06
0.0118848
8.72615e-06
0.0119833
9.81834e-06
0.0120835
1.09044e-05
0.0121853
1.19844e-05
0.0122888
1.30544e-05
0.0123941
1.41152e-05
0.0125013
1.51614e-05
0.0126102
1.61936e-05
0.0127211
1.72077e-05
0.0128339
1.82034e-05
0.0129487
1.91765e-05
0.0130656
2.01267e-05
0.0131846
2.10504e-05
0.0133058
2.19447e-05
0.0134292
2.28084e-05
0.0135549
2.36377e-05
0.013683
2.4432e-05
0.0138135
2.5186e-05
0.0139465
2.58989e-05
0.0140821
2.65668e-05
0.0142203
2.71881e-05
0.0143613
2.77599e-05
0.014505
2.82787e-05
0.0146517
2.87416e-05
0.0148014
2.91458e-05
0.0149542
2.94904e-05
0.0151101
2.97699e-05
0.0152694
2.99852e-05
0.015432
3.0129e-05
0.0155981
3.02024e-05
0.0157679
3.01999e-05
0.0159414
3.0122e-05
0.0161187
2.99644e-05
0.0163001
2.97256e-05
0.0164856
2.94016e-05
0.0166754
2.89935e-05
0.0168696
2.8496e-05
0.0170684
2.79099e-05
0.017272
2.72347e-05
0.0174806
2.6466e-05
0.0176942
2.5605e-05
0.0179132
2.46501e-05
0.0181377
2.36019e-05
0.018368
2.24607e-05
0.0186042
2.12255e-05
0.0188466
1.98974e-05
0.0190955
1.84789e-05
0.0193511
1.69705e-05
0.0196137
1.53772e-05
0.0198836
1.36982e-05
0.020161
1.19399e-05
0.0204465
1.01051e-05
0.0207401
8.19941e-06
0.0210425
6.23134e-06
0.0213538
4.20386e-06
0.0216747
2.12565e-06
0.0220054
0.0223464
9.57348e-07
0.0113248
1.90407e-06
0.0114144
2.86013e-06
0.0115053
3.82083e-06
0.0115976
4.78421e-06
0.0116915
5.75065e-06
0.0117869
6.71574e-06
0.0118838
7.68079e-06
0.0119823
8.64136e-06
0.0120825
9.59806e-06
0.0121843
1.05486e-05
0.0122879
1.14911e-05
0.0123932
1.24241e-05
0.0125003
1.33456e-05
0.0126093
1.42532e-05
0.0127202
1.51472e-05
0.012833
1.60225e-05
0.0129478
1.68804e-05
0.0130647
1.77165e-05
0.0131837
1.85285e-05
0.0133049
1.93169e-05
0.0134284
2.0076e-05
0.0135541
2.08072e-05
0.0136822
2.15045e-05
0.0138128
2.21685e-05
0.0139458
2.27957e-05
0.0140814
2.3384e-05
0.0142197
2.39307e-05
0.0143607
2.44337e-05
0.0145045
2.48892e-05
0.0146513
2.52981e-05
0.014801
2.56545e-05
0.0149538
2.59576e-05
0.0151098
2.62044e-05
0.0152691
2.6392e-05
0.0154318
2.65203e-05
0.015598
2.65839e-05
0.0157678
2.65837e-05
0.0159414
2.65142e-05
0.0161188
2.63756e-05
0.0163002
2.61656e-05
0.0164858
2.58816e-05
0.0166757
2.55214e-05
0.01687
2.50859e-05
0.0170689
2.45712e-05
0.0172725
2.39763e-05
0.0174812
2.33009e-05
0.0176949
2.25423e-05
0.017914
2.17041e-05
0.0181386
2.07807e-05
0.0183689
1.97775e-05
0.0186052
1.86893e-05
0.0188477
1.75214e-05
0.0190967
1.62728e-05
0.0193523
1.4946e-05
0.019615
1.35422e-05
0.019885
1.20649e-05
0.0201625
1.05153e-05
0.020448
8.90172e-06
0.0207418
7.22417e-06
0.0210442
5.48971e-06
0.0213556
3.70298e-06
0.0216764
1.87178e-06
0.0220072
0.0223483
8.31014e-07
0.011324
1.66773e-06
0.0114135
2.50758e-06
0.0115044
3.35136e-06
0.0115968
4.1975e-06
0.0116907
5.04409e-06
0.011786
5.89134e-06
0.011883
6.73643e-06
0.0119815
7.57957e-06
0.0120816
8.41851e-06
0.0121835
9.25118e-06
0.012287
1.00775e-05
0.0123924
1.08946e-05
0.0124995
1.17024e-05
0.0126085
1.24985e-05
0.0127194
1.32805e-05
0.0128322
1.40483e-05
0.0129471
1.47978e-05
0.013064
1.55303e-05
0.013183
1.62426e-05
0.0133042
1.69317e-05
0.0134277
1.75976e-05
0.0135535
1.82366e-05
0.0136816
1.88484e-05
0.0138121
1.94301e-05
0.0139452
1.99788e-05
0.0140809
2.04942e-05
0.0142192
2.09724e-05
0.0143602
2.14131e-05
0.0145041
2.18132e-05
0.0146509
2.21697e-05
0.0148006
2.24824e-05
0.0149535
2.27472e-05
0.0151095
2.29637e-05
0.0152689
2.31282e-05
0.0154316
2.32394e-05
0.0155979
2.32964e-05
0.0157677
2.3295e-05
0.0159413
2.32355e-05
0.0161188
2.31148e-05
0.0163003
2.29305e-05
0.016486
2.26825e-05
0.0166759
2.23687e-05
0.0168703
2.19861e-05
0.0170692
2.15361e-05
0.017273
2.10148e-05
0.0174817
2.04241e-05
0.0176955
1.97615e-05
0.0179146
1.9026e-05
0.0181393
1.8219e-05
0.0183697
1.73388e-05
0.0186061
1.63862e-05
0.0188486
1.53637e-05
0.0190977
1.42693e-05
0.0193534
1.31074e-05
0.0196162
1.18766e-05
0.0198862
1.05824e-05
0.0201638
9.22566e-06
0.0204494
7.80902e-06
0.0207432
6.33826e-06
0.0210456
4.81583e-06
0.0213571
3.24882e-06
0.021678
1.64119e-06
0.0220088
0.0223499
7.37912e-07
0.0113233
1.45842e-06
0.0114128
2.18693e-06
0.0115037
2.9206e-06
0.011596
3.65732e-06
0.0116899
4.39557e-06
0.0117853
5.13384e-06
0.0118822
5.87101e-06
0.0119807
6.60565e-06
0.0120809
7.33671e-06
0.0121827
8.06278e-06
0.0122863
8.78272e-06
0.0123916
9.49503e-06
0.0124987
1.01986e-05
0.0126077
1.08918e-05
0.0127186
1.15734e-05
0.0128315
1.22418e-05
0.0129464
1.28964e-05
0.0130633
1.3534e-05
0.0131824
1.4153e-05
0.0133036
1.47534e-05
0.0134271
1.53328e-05
0.0135528
1.58894e-05
0.013681
1.64216e-05
0.0138116
1.69275e-05
0.0139447
1.74056e-05
0.0140804
1.78537e-05
0.0142187
1.82705e-05
0.0143598
1.86536e-05
0.0145037
1.90015e-05
0.0146505
1.93122e-05
0.0148003
1.95841e-05
0.0149532
1.9815e-05
0.0151093
2.00033e-05
0.0152687
2.0148e-05
0.0154315
2.02455e-05
0.0155977
2.02948e-05
0.0157677
2.02944e-05
0.0159413
2.02425e-05
0.0161189
2.01374e-05
0.0163004
1.99778e-05
0.0164861
1.9762e-05
0.0166761
1.94889e-05
0.0168705
1.91569e-05
0.0170696
1.87652e-05
0.0172734
1.83126e-05
0.0174821
1.77984e-05
0.017696
1.72218e-05
0.0179152
1.65825e-05
0.0181399
1.588e-05
0.0183704
1.51147e-05
0.0186068
1.42874e-05
0.0188495
1.3397e-05
0.0190986
1.24448e-05
0.0193544
1.14325e-05
0.0196172
1.03611e-05
0.0198872
9.23307e-06
0.0201649
8.0501e-06
0.0204505
6.81563e-06
0.0207444
5.53215e-06
0.0210469
4.20417e-06
0.0213584
2.83534e-06
0.0216794
1.43072e-06
0.0220102
0.0223513
6.34911e-07
0.0113226
1.26312e-06
0.0114121
1.89508e-06
0.011503
2.53115e-06
0.0115954
3.16941e-06
0.0116893
3.80881e-06
0.0117846
4.44809e-06
0.0118816
5.08628e-06
0.0119801
5.72215e-06
0.0120802
6.35475e-06
0.0121821
6.98283e-06
0.0122856
7.60471e-06
0.012391
8.2206e-06
0.0124981
8.82879e-06
0.0126071
9.42784e-06
0.012718
1.00169e-05
0.0128309
1.05942e-05
0.0129458
1.1159e-05
0.0130627
1.17096e-05
0.0131818
1.22449e-05
0.013303
1.27632e-05
0.0134265
1.32635e-05
0.0135523
1.37439e-05
0.0136805
1.42033e-05
0.0138111
1.46399e-05
0.0139442
1.50526e-05
0.0140799
1.54393e-05
0.0142183
1.57981e-05
0.0143594
1.61287e-05
0.0145033
1.64291e-05
0.0146502
1.66972e-05
0.0148
1.6932e-05
0.014953
1.71313e-05
0.0151091
1.7294e-05
0.0152685
1.74181e-05
0.0154313
1.75016e-05
0.0155976
1.75443e-05
0.0157676
1.75444e-05
0.0159413
1.74999e-05
0.0161189
1.74097e-05
0.0163005
1.72723e-05
0.0164862
1.70867e-05
0.0166763
1.68514e-05
0.0168707
1.65645e-05
0.0170698
1.6227e-05
0.0172737
1.5837e-05
0.0174825
1.53939e-05
0.0176964
1.48968e-05
0.0179157
1.43456e-05
0.0181404
1.37399e-05
0.018371
1.30797e-05
0.0186075
1.23638e-05
0.0188502
1.15954e-05
0.0190993
1.07733e-05
0.0193552
9.89915e-06
0.019618
8.97349e-06
0.0198881
7.99855e-06
0.0201659
6.97539e-06
0.0204515
5.90715e-06
0.0207454
4.79423e-06
0.021048
3.64325e-06
0.0213595
2.45568e-06
0.0216805
1.23753e-06
0.0220114
0.0223525
5.55651e-07
0.0113221
1.08602e-06
0.0114115
1.62621e-06
0.0115025
2.1701e-06
0.0115948
2.71746e-06
0.0116887
3.26545e-06
0.011784
3.81399e-06
0.011881
4.36087e-06
0.0119795
4.9062e-06
0.0120797
5.44792e-06
0.0121815
5.98619e-06
0.0122851
6.51973e-06
0.0123904
7.04711e-06
0.0124976
7.5671e-06
0.0126066
8.07968e-06
0.0127175
8.58285e-06
0.0128304
9.07652e-06
0.0129453
9.55865e-06
0.0130622
1.00291e-05
0.0131813
1.04866e-05
0.0133026
1.09293e-05
0.0134261
1.13559e-05
0.0135519
1.17652e-05
0.0136801
1.21577e-05
0.0138107
1.25295e-05
0.0139438
1.28819e-05
0.0140796
1.32111e-05
0.0142179
1.35192e-05
0.0143591
1.38004e-05
0.014503
1.40571e-05
0.0146499
1.4285e-05
0.0147998
1.44857e-05
0.0149527
1.4655e-05
0.0151089
1.47942e-05
0.0152683
1.48995e-05
0.0154312
1.4973e-05
0.0155975
1.50089e-05
0.0157675
1.50096e-05
0.0159413
1.49711e-05
0.0161189
1.48949e-05
0.0163005
1.47774e-05
0.0164863
1.46198e-05
0.0166764
1.44188e-05
0.0168709
1.41769e-05
0.01707
1.38888e-05
0.0172739
1.3557e-05
0.0174828
1.31787e-05
0.0176968
1.27556e-05
0.0179161
1.2285e-05
0.0181409
1.17679e-05
0.0183715
1.12053e-05
0.018608
1.0596e-05
0.0188507
9.94056e-06
0.0190999
9.23794e-06
0.0193558
8.49162e-06
0.0196187
7.69954e-06
0.0198889
6.86603e-06
0.0201667
5.98914e-06
0.0204524
5.07404e-06
0.0207463
4.12051e-06
0.0210489
3.13191e-06
0.0213605
2.10905e-06
0.0216815
1.05909e-06
0.0220124
0.0223536
4.73905e-07
0.0113216
9.26564e-07
0.0114111
1.38383e-06
0.011502
1.84576e-06
0.0115943
2.30908e-06
0.0116882
2.77408e-06
0.0117835
3.23794e-06
0.0118805
3.70143e-06
0.011979
4.16188e-06
0.0120792
4.62034e-06
0.012181
5.07408e-06
0.0122846
5.52432e-06
0.0123899
5.96823e-06
0.0124971
6.4071e-06
0.0126061
6.83797e-06
0.012717
7.26304e-06
0.0128299
7.67755e-06
0.0129448
8.08376e-06
0.0130618
8.47838e-06
0.0131809
8.86292e-06
0.0133021
9.23393e-06
0.0134257
9.59296e-06
0.0135515
9.93732e-06
0.0136797
1.0266e-05
0.0138103
1.05787e-05
0.0139435
1.08737e-05
0.0140792
1.11506e-05
0.0142176
1.14075e-05
0.0143588
1.16451e-05
0.0145028
1.18596e-05
0.0146496
1.20516e-05
0.0147995
1.22191e-05
0.0149525
1.23619e-05
0.0151087
1.2478e-05
0.0152682
1.25671e-05
0.0154311
1.26272e-05
0.0155974
1.26583e-05
0.0157675
1.26581e-05
0.0159412
1.26269e-05
0.0161189
1.25623e-05
0.0163006
1.24648e-05
0.0164864
1.2333e-05
0.0166765
1.21657e-05
0.016871
1.19613e-05
0.0170702
1.17209e-05
0.0172741
1.1442e-05
0.017483
1.11259e-05
0.017697
1.07703e-05
0.0179164
1.03768e-05
0.0181412
9.94422e-06
0.0183718
9.47111e-06
0.0186084
8.95986e-06
0.0188512
8.40837e-06
0.0191004
7.81903e-06
0.0193564
7.19151e-06
0.0196193
6.52586e-06
0.0198895
5.8222e-06
0.0201673
5.08315e-06
0.0204531
4.30821e-06
0.020747
3.50021e-06
0.0210496
2.65928e-06
0.0213613
1.78965e-06
0.0216823
8.92796e-07
0.0220132
0.0223544
4.02635e-07
0.0113211
7.74092e-07
0.0114106
1.15468e-06
0.0115015
1.54072e-06
0.0115939
1.92785e-06
0.0116877
2.31638e-06
0.0117831
2.70321e-06
0.01188
3.08865e-06
0.0119786
3.47227e-06
0.0120787
3.85232e-06
0.0121806
4.22844e-06
0.0122842
4.60137e-06
0.0123895
4.96833e-06
0.0124967
5.33012e-06
0.0126057
5.6863e-06
0.0127166
6.03446e-06
0.0128295
6.37568e-06
0.0129444
6.71005e-06
0.0130614
7.03441e-06
0.0131805
7.35056e-06
0.0133018
7.65519e-06
0.0134253
7.94925e-06
0.0135511
8.23193e-06
0.0136794
8.50159e-06
0.01381
8.75733e-06
0.0139432
9.00013e-06
0.0140789
9.2264e-06
0.0142174
9.4371e-06
0.0143585
9.63036e-06
0.0145025
9.80625e-06
0.0146494
9.96291e-06
0.0147993
1.01013e-05
0.0149523
1.02177e-05
0.0151085
1.03139e-05
0.015268
1.03864e-05
0.0154309
1.04359e-05
0.0155973
1.04618e-05
0.0157674
1.04619e-05
0.0159412
1.04358e-05
0.0161189
1.03844e-05
0.0163006
1.0304e-05
0.0164864
1.01947e-05
0.0166765
1.00583e-05
0.0168711
9.89148e-06
0.0170703
9.6942e-06
0.0172743
9.46749e-06
0.0174832
9.20827e-06
0.0176972
8.91874e-06
0.0179166
8.59596e-06
0.0181415
8.24108e-06
0.0183721
7.85496e-06
0.0186087
7.43522e-06
0.0188516
6.98308e-06
0.0191008
6.49971e-06
0.0193568
5.98192e-06
0.0196198
5.4331e-06
0.01989
4.85424e-06
0.0201678
4.24234e-06
0.0204536
3.5999e-06
0.0207476
2.9278e-06
0.0210502
2.22523e-06
0.0213619
1.49451e-06
0.021683
7.40885e-07
0.0220139
0.0223551
3.39721e-07
0.0113208
6.44919e-07
0.0114103
9.56672e-07
0.0115012
1.27199e-06
0.0115935
1.58835e-06
0.0116874
1.90431e-06
0.0117827
2.21851e-06
0.0118797
2.53056e-06
0.0119782
2.83951e-06
0.0120784
3.14536e-06
0.0121802
3.44798e-06
0.0122838
3.7452e-06
0.0123892
4.03839e-06
0.0124963
4.32783e-06
0.0126053
4.61e-06
0.0127163
4.88846e-06
0.0128292
5.15949e-06
0.0129441
5.42346e-06
0.0130611
5.68148e-06
0.0131802
5.93058e-06
0.0133015
6.17263e-06
0.013425
6.40551e-06
0.0135509
6.62843e-06
0.0136791
6.84183e-06
0.0138097
7.04402e-06
0.0139429
7.2354e-06
0.0140787
7.41424e-06
0.0142171
7.58183e-06
0.0143583
7.73367e-06
0.0145023
7.87285e-06
0.0146492
7.99764e-06
0.0147991
8.10553e-06
0.0149522
8.19854e-06
0.0151084
8.27316e-06
0.0152679
8.33151e-06
0.0154308
8.3709e-06
0.0155972
8.38968e-06
0.0157673
8.3911e-06
0.0159411
8.37055e-06
0.0161188
8.32938e-06
0.0163005
8.26612e-06
0.0164864
8.18105e-06
0.0166766
8.07283e-06
0.0168712
7.94162e-06
0.0170704
7.78735e-06
0.0172744
7.60689e-06
0.0174833
7.40261e-06
0.0176974
7.17361e-06
0.0179168
6.91912e-06
0.0181417
6.64042e-06
0.0183724
6.33354e-06
0.018609
6.00323e-06
0.0188518
5.64577e-06
0.0191011
5.26094e-06
0.0193571
4.85252e-06
0.0196201
4.4163e-06
0.0198904
3.95381e-06
0.0201682
3.4639e-06
0.020454
2.94697e-06
0.0207481
2.40148e-06
0.0210507
1.82802e-06
0.0213624
1.22835e-06
0.0216835
6.01466e-07
0.0220144
0.0223556
2.71266e-07
0.0113205
5.19064e-07
0.01141
7.73059e-07
0.0115009
1.02728e-06
0.0115932
1.27973e-06
0.0116871
1.52954e-06
0.0117824
1.77647e-06
0.0118794
2.01979e-06
0.0119779
2.25741e-06
0.0120781
2.49268e-06
0.01218
2.72285e-06
0.0122835
2.94903e-06
0.0123889
3.17146e-06
0.0124961
3.38895e-06
0.0126051
3.60238e-06
0.012716
3.80968e-06
0.0128289
4.01328e-06
0.0129438
4.21191e-06
0.0130608
4.40292e-06
0.0131799
4.59001e-06
0.0133012
4.76959e-06
0.0134248
4.94369e-06
0.0135506
5.10857e-06
0.0136789
5.26806e-06
0.0138095
5.41917e-06
0.0139427
5.56043e-06
0.0140785
5.69415e-06
0.0142169
5.81792e-06
0.0143581
5.93223e-06
0.0145021
6.03559e-06
0.0146491
6.12752e-06
0.014799
6.20929e-06
0.014952
6.27668e-06
0.0151083
6.33377e-06
0.0152678
6.37629e-06
0.0154307
6.40543e-06
0.0155972
6.42082e-06
0.0157672
6.42066e-06
0.0159411
6.4058e-06
0.0161188
6.37356e-06
0.0163005
6.32709e-06
0.0164864
6.2647e-06
0.0166766
6.18312e-06
0.0168712
6.08665e-06
0.0170704
5.97096e-06
0.0172744
5.83855e-06
0.0174834
5.6865e-06
0.0176975
5.51623e-06
0.0179169
5.32812e-06
0.0181418
5.11872e-06
0.0183725
4.89227e-06
0.0186092
4.64535e-06
0.018852
4.38001e-06
0.0191013
4.09355e-06
0.0193573
3.78699e-06
0.0196203
3.46067e-06
0.0198906
3.11056e-06
0.0201685
2.73994e-06
0.0204543
2.34538e-06
0.0207484
1.92261e-06
0.0210511
1.47145e-06
0.0213628
9.90508e-07
0.0216839
4.82917e-07
0.0220148
0.0223561
2.3481e-07
0.0113202
4.35754e-07
0.0114097
6.36301e-07
0.0115006
8.32818e-07
0.011593
1.02396e-06
0.0116868
1.20805e-06
0.0117822
1.38578e-06
0.0118791
1.55804e-06
0.0119777
1.72571e-06
0.0120779
1.88813e-06
0.0121797
2.04602e-06
0.0122833
2.20099e-06
0.0123887
2.35194e-06
0.0124958
2.49877e-06
0.0126049
2.64175e-06
0.0127158
2.78227e-06
0.0128287
2.9179e-06
0.0129436
3.05006e-06
0.0130606
3.17878e-06
0.0131798
3.30295e-06
0.0133011
3.42245e-06
0.0134246
3.53779e-06
0.0135505
3.64883e-06
0.0136787
3.75436e-06
0.0138094
3.85419e-06
0.0139426
3.94976e-06
0.0140783
4.039e-06
0.0142168
4.12142e-06
0.014358
4.19682e-06
0.014502
4.26665e-06
0.0146489
4.32787e-06
0.0147989
4.38192e-06
0.0149519
4.42859e-06
0.0151082
4.46636e-06
0.0152677
4.49503e-06
0.0154306
4.51587e-06
0.0155971
4.5254e-06
0.0157672
4.52465e-06
0.015941
4.5126e-06
0.0161187
4.49257e-06
0.0163005
4.45995e-06
0.0164864
4.41794e-06
0.0166765
4.36654e-06
0.0168712
4.30236e-06
0.0170704
4.22516e-06
0.0172744
4.1356e-06
0.0174834
4.03531e-06
0.0176975
3.92277e-06
0.0179169
3.79754e-06
0.0181419
3.66037e-06
0.0183726
3.50876e-06
0.0186092
3.34479e-06
0.0188521
3.16759e-06
0.0191014
2.97929e-06
0.0193575
2.77486e-06
0.0196205
2.55488e-06
0.0198908
2.32094e-06
0.0201687
2.06732e-06
0.0204545
1.79347e-06
0.0207486
1.49435e-06
0.0210513
1.16671e-06
0.021363
8.01419e-07
0.0216841
3.95132e-07
0.0220151
0.0223564
2.32402e-07
0.01132
4.22485e-07
0.0114095
5.84393e-07
0.0115004
7.24176e-07
0.0115928
8.48366e-07
0.0116867
9.60476e-07
0.0117821
1.06268e-06
0.011879
1.15948e-06
0.0119776
1.25081e-06
0.0120778
1.33669e-06
0.0121796
1.4196e-06
0.0122832
1.50012e-06
0.0123886
1.57592e-06
0.0124957
1.65138e-06
0.0126048
1.7251e-06
0.0127157
1.79615e-06
0.0128286
1.86513e-06
0.0129435
1.9319e-06
0.0130605
1.99604e-06
0.0131797
2.05911e-06
0.013301
2.12003e-06
0.0134245
2.17757e-06
0.0135504
2.23355e-06
0.0136786
2.28719e-06
0.0138093
2.33711e-06
0.0139425
2.38594e-06
0.0140783
2.43084e-06
0.0142167
2.472e-06
0.0143579
2.51058e-06
0.0145019
2.54647e-06
0.0146489
2.57709e-06
0.0147988
2.60558e-06
0.0149519
2.63021e-06
0.0151081
2.64977e-06
0.0152676
2.66648e-06
0.0154306
2.67967e-06
0.015597
2.68625e-06
0.0157671
2.68507e-06
0.015941
2.67357e-06
0.0161187
2.6563e-06
0.0163005
2.63589e-06
0.0164863
2.61626e-06
0.0166765
2.5983e-06
0.0168712
2.56936e-06
0.0170704
2.52943e-06
0.0172744
2.47737e-06
0.0174834
2.42511e-06
0.0176975
2.37367e-06
0.0179169
2.31377e-06
0.0181419
2.24364e-06
0.0183726
2.16498e-06
0.0186093
2.08432e-06
0.0188521
1.99711e-06
0.0191015
1.90014e-06
0.0193575
1.80067e-06
0.0196205
1.68668e-06
0.0198909
1.5709e-06
0.0201688
1.43808e-06
0.0204546
1.29562e-06
0.0207487
1.12986e-06
0.0210514
9.37618e-07
0.0213631
7.00466e-07
0.0216843
3.91722e-07
0.0220154
0.0223568
1.04185e-07
1.66458e-07
2.09074e-07
2.35575e-07
2.48698e-07
2.56539e-07
2.57235e-07
2.68582e-07
2.76624e-07
2.77444e-07
2.73877e-07
2.8336e-07
2.8002e-07
2.78955e-07
2.84883e-07
2.94235e-07
2.92194e-07
2.86201e-07
2.91466e-07
2.90833e-07
2.96608e-07
2.94125e-07
2.96465e-07
2.96765e-07
2.9521e-07
3.00262e-07
3.08609e-07
3.05432e-07
3.03155e-07
3.109e-07
3.07351e-07
3.10135e-07
3.15337e-07
3.13774e-07
3.17197e-07
3.29935e-07
3.52227e-07
3.53024e-07
3.09531e-07
3.0529e-07
2.6969e-07
2.60273e-07
3.44848e-07
3.41586e-07
3.37316e-07
2.82417e-07
2.70401e-07
3.08512e-07
3.30861e-07
3.14547e-07
2.789e-07
3.06955e-07
3.09392e-07
2.86056e-07
3.34397e-07
2.79328e-07
3.20806e-07
2.9426e-07
3.12365e-07
2.79143e-07
2.81786e-07
2.35314e-07
1.43682e-07
)
;

boundaryField
{
    walls
    {
        type            symmetry;
        value           uniform 0;
    }
    inlet
    {
        type            calculated;
        value           uniform -0.015625;
    }
    outlet
    {
        type            calculated;
        value           nonuniform List<scalar> 
64
(
0.0113198
0.0114094
0.0115003
0.0115928
0.0116866
0.011782
0.011879
0.0119775
0.0120777
0.0121796
0.0122832
0.0123885
0.0124957
0.0126047
0.0127157
0.0128286
0.0129435
0.0130605
0.0131796
0.0133009
0.0134245
0.0135503
0.0136786
0.0138093
0.0139425
0.0140782
0.0142167
0.0143579
0.0145019
0.0146488
0.0147988
0.0149518
0.0151081
0.0152676
0.0154305
0.015597
0.0157671
0.015941
0.0161187
0.0163004
0.0164864
0.0166765
0.0168711
0.0170704
0.0172744
0.0174834
0.0176975
0.0179169
0.0181419
0.0183726
0.0186093
0.0188521
0.0191014
0.0193575
0.0196205
0.0198909
0.0201687
0.0204546
0.0207486
0.0210514
0.0213631
0.0216843
0.0220155
0.022357
)
;
    }
    frontAndBack
    {
        type            symmetry;
        value           uniform 0;
    }
}


// ************************************************************************* //
