2.50000000000000014e-02	3.97068931478147553e-03
5.00000000000000028e-02	7.84360707968007921e-03
7.50000000000000111e-02	1.15233892122697367e-02
1.00000000000000006e-01	1.49194272702005328e-02
1.25000000000000000e-01	1.79480995317308524e-02
1.50000000000000022e-01	2.05348300400123585e-02
1.75000000000000017e-01	2.26159249106239850e-02
2.00000000000000011e-01	2.41401406863693234e-02
2.25000000000000006e-01	2.50699461212372382e-02
2.50000000000000000e-01	2.53824463242170208e-02
2.75000000000000022e-01	2.50699465074805013e-02
3.00000000000000044e-01	2.41401414575797973e-02
3.25000000000000011e-01	2.26159260642511267e-02
3.50000000000000033e-01	2.05348315722343605e-02
3.75000000000000000e-01	1.79481014374594516e-02
4.00000000000000022e-01	1.49194295430875746e-02
4.25000000000000044e-01	1.15233918447155467e-02
4.50000000000000011e-01	7.84361006284373802e-03
4.75000000000000033e-01	3.97069263859313893e-03
5.00000000000000000e-01	3.65317540882008312e-09
5.25000000000000022e-01	-3.97068535227698260e-03
5.50000000000000044e-01	-7.84360283653169274e-03
5.75000000000000067e-01	-1.15233847180778639e-02
6.00000000000000089e-01	-1.49194225552973098e-02
6.25000000000000000e-01	-1.79480946269966746e-02
6.50000000000000022e-01	-2.05348249766933964e-02
6.75000000000000044e-01	-2.26159197201517975e-02
7.00000000000000067e-01	-2.41401354001833310e-02
7.25000000000000089e-01	-2.50699407706111120e-02
7.50000000000000000e-01	-2.53824409400898385e-02
7.75000000000000022e-01	-2.50699411202934368e-02
8.00000000000000044e-01	-2.41401360971191768e-02
8.25000000000000067e-01	-2.26159207594985728e-02
8.50000000000000089e-01	-2.05348263512246561e-02
8.75000000000000000e-01	-1.79480963271467855e-02
9.00000000000000022e-01	-1.49194245692206781e-02
9.25000000000000044e-01	-1.15233870317222719e-02
9.50000000000000067e-01	-7.84360543372542712e-03
9.75000000000000089e-01	-3.97068821482921951e-03
1.00000000000000000e+00	5.45361511381269068e-10
