0.340
1.18
1000
0.31765
−0.62888
2.2545
0.30697
0.01056
−0.31889
0.46643
0.13051
0.344
+1.1
0.360
1.18
1000
0.26675
−0.79994
3.3512
0.31501
0.07324
−0.29672
0.36339
0.09304
0.363
+0.8
0.368
1.18
1000
0.27113
−0.80310
3.4960
0.31991
0.08710
−0.27350
0.37291
0.08305
0.372
+1.0
0.380
1.18
1000
0.27536
−0.81730
3.5187
0.32447
0.10618
−0.23545
0.38125
0.07188
0.381
+0.2
0.390
1.18
1000
0.27419
−0.86579
3.2687
0.32916
0.12677
−0.19061
0.37819
0.06502
0.389
−0.2
0.410
1.18
1000
0.28802
−0.96687
1.4590
0.33623
0.19121
−0.09215
0.39108
0.05012
0.409
−0.3
0.368
1.00
1000
0.27710
−0.77440
3.3913
0.31704
0.08107
−0.24619
0.38128
0.08289
0.368
+0.1
0.380
1.00
1000
0.26726
−0.83772
3.1082
0.32442
0.11387
−0.19284
0.35948
0.07312
0.380
+0.1
0.370
1.11
1000
0.28119
−0.77668
3.5520
0.31731
0.08308
−0.25254
0.38947
0.07904
0.369
−0.1
0.368
1.30
1000
0.29078
−0.79348
3.4239
0.31599
0.10086
−0.25499
0.39536
0.07939
0.371
+0.8
0.380
1.30
1000
0.27618
−0.85846
3.2696
0.32691
0.12280
−0.19933
0.37413
0.06734
0.386
+1.5
0.410
1.30
1000
0.27670
−0.96571
2.2165
0.33816
0.17829
−0.10984
0.37930
0.05021
0.407
−0.6
0.370
1.11
500
0.27854
−0.77371
3.4491
0.31685
0.09058
−0.21118
0.38535
0.07827
0.370
+0.1
0.340
1.18
500
0.29630
−0.67299
2.7487
0.30509
0.02987
−0.32612
0.41942
0.11679
0.345
+1.6
0.368
1.18
500
0.27151
−0.78970
3.5902
0.31617
0.09131
−0.22465
0.37450
0.07914
0.369
+0.2
0.380
1.18
500
0.27659
−0.79568
3.3111
0.32135
0.11063
−0.17502
0.38765
0.07002
0.379
−0.3
0.410
1.18
500
0.28624
−0.93559
0.76010
0.33243
0.19587
−0.06119
0.39588
0.05147
0.406
−0.9
