 1
 0.68641
 0.52876
 0.4262
 0.354697
 0.302062
 0.258399
 0.223873
 0.196142
 0.172672
 0.153078
 0.135898
 0.120986
 0.107981
 0.0968976
 0.0874656
 0.0794021
 0.0723252
 0.0661973
 0.0608229
 0.0560711
 0.0516465
 0.0476845
 0.0441897
 0.0410517
 0.0382536
 0.0357213
 0.0334392
 0.0313643
 0.0294806
 0.0277495
 0.0261598
 0.0246895
 0.0233362
 0.0220876
 0.0209341
 0.0198657
 0.0188608
 0.0179348
 0.017068
 0.0162596
 0.0154994
 0.0147903
 0.0141226
 0.0134957
 0.0129046
 0.0123498
 0.011826
 0.0113324
 0.0108656
 0.0104244
 0.0100056
 0.00961048
 0.00923417
 0.00887878
 0.00854141
 0.00821983
 0.00791404
 0.0076236
 0.0073472
 0.00708424
 0.0068336
 0.00659537
 0.00636778
 0.00615039
 0.00594264
 0.00574462
 0.0055552
 0.00537392
 0.00520024
 0.00503366
 0.00487399
 0.0047207
 0.00457387
 0.0044346
 0.00430588
 0.00418569
 0.00407032
 0.00395984
 0.0038535
 0.00375174
 0.00365388
 0.0035601
 0.0034699
 0.00338351
 0.00330046
 0.00322585
 0.00315725
 0.00309126
 0.00302753
 0.00296644
 0.00290746
 0.00285071
 0.00279602
 0.00274326
 0.00269243
 0.0026434
 0.00259604
 0.00255035
 0.00250645
 0.00246404
 0.00242316
 0.00238865
 0.00235889
 0.00232979
 0.00230127
 0.00227333
 0.00224603
 0.00221942
 0.0021936
 0.00216854
 0.00214427
 0.00212068
 0.00209781
 0.00207561
 0.00205409
 0.00203325
 0.00201311
 0.00199365
 0.00197485
 0.0019567
 0.00193917
 0.00192229
 0.00190599
 0.00189031
 0.00187519
 0.00186065
 0.00184667
 0.0018332
 0.00182028
 0.00180787
 0.00179589
 0.0017844
 0.00177327
 0.00176255
 0.00175212
 0.00174198
 0.0017321
 0.0017224
 0.00171286
 0.0017034
 0.00169399
 0.00168457
 0.00167504
 0.00166534
 0.00165541
 0.00164516
 0.0016345
 0.00162341
 0.00161675
 0.0016083
 0.00159998
 0.00158969
 0.00157945
 0.00156713
 0.00155479
 0.00154024
 0.00152565
 0.0015088
 0.00149189
 0.00147768
 0.00146208
 0.00144003
 0.0014181
 0.00139886
 0.00137829
 0.00135646
 0.00133343
 0.00130926
 0.001284
 0.00125772
 0.0012305
 0.00120241
 0.00117354
 0.00114398
 0.00111381
 0.00108309
 0.00105195
 0.00102045
 0.000988667
